From;To;Date
510;510;19970612
510;510;19970613
510;480;19970616
480;432;19970617
432;426;19970618
426;420;19970619
420;435;19970620
435;441;19970623
441;432;19970624
432;435;19970625
435;432;19970626
432;441;19970627
441;432;19970630
432;426;19970701
426;432;19970702
432;435;19970703
435;438;19970704
438;441;19970707
441;462;19970708
462;468;19970709
468;453;19970710
453;447;19970711
447;420;19970714
420;429;19970715
429;423;19970716
423;432;19970717
432;420;19970718
420;408;19970721
408;414;19970722
414;417;19970723
417;408;19970724
408;402;19970725
402;405;19970728
405;423;19970729
423;429;19970730
429;432;19970731
432;432;19970801
432;423;19970804
423;444;19970805
444;441;19970806
441;465;19970807
465;471;19970808
471;459;19970811
459;462;19970812
462;462;19970813
462;459;19970814
459;444;19970818
444;459;19970819
459;462;19970820
462;450;19970821
450;450;19970822
450;444;19970825
444;453;19970826
453;453;19970827
453;462;19970828
462;456;19970829
456;459;19970901
459;459;19970902
459;474;19970903
474;477;19970904
477;501;19970905
501;492;19970908
492;510;19970909
510;510;19970910
510;510;19970911
510;516;19970912
516;516;19970915
516;516;19970916
516;501;19970917
501;504;19970918
504;510;19970919
510;516;19970922
516;510;19970923
510;510;19970924
510;498;19970925
498;489;19970926
489;483;19970929
483;468;19970930
468;471;19971001
471;474;19971002
474;465;19971003
465;459;19971006
459;462;19971007
462;465;19971008
465;456;19971009
456;456;19971010
456;453;19971013
453;450;19971014
450;453;19971015
453;456;19971016
456;462;19971017
462;471;19971020
471;468;19971021
468;474;19971022
474;447;19971023
447;444;19971024
444;414;19971027
414;348;19971028
348;411;19971029
411;384;19971030
384;393;19971031
393;402;19971103
402;390;19971104
390;393;19971105
393;396;19971106
396;396;19971107
396;393;19971112
393;381;19971113
381;384;19971114
384;384;19971117
384;381;19971118
381;366;19971119
366;369;19971120
369;381;19971121
381;357;19971124
357;375;19971125
375;366;19971126
366;363;19971127
363;366;19971128
366;387;19971201
387;390;19971202
390;387;19971203
387;384;19971204
384;375;19971205
375;369;19971208
369;369;19971209
369;363;19971210
363;348;19971211
348;342;19971212
342;339;19971215
339;336;19971216
336;354;19971217
354;339;19971218
339;318;19971219
318;318;19971222
318;324;19971223
324;345;19971229
345;342;19971230
342;351;19971231
351;351;19980105
351;339;19980106
339;333;19980107
333;330;19980108
330;324;19980109
324;300;19980112
300;303;19980113
303;303;19980114
303;297;19980115
297;312;19980116
312;312;19980119
312;306;19980120
306;303;19980121
303;300;19980122
300;306;19980123
306;300;19980126
300;297;19980127
297;306;19980128
306;315;19980129
315;309;19980130
309;321;19980202
321;318;19980203
318;312;19980204
312;318;19980205
318;318;19980206
318;372;19980209
372;360;19980210
360;360;19980211
360;342;19980212
342;345;19980213
345;336;19980216
336;342;19980217
342;348;19980218
348;342;19980219
342;339;19980220
339;339;19980223
339;330;19980224
330;336;19980225
336;363;19980226
363;360;19980227
360;363;19980302
363;351;19980303
351;342;19980304
342;339;19980305
339;345;19980306
345;354;19980309
354;351;19980310
351;345;19980311
345;354;19980312
354;351;19980313
351;357;19980316
357;357;19980317
357;348;19980318
348;351;19980319
351;351;19980320
351;354;19980323
354;360;19980324
360;360;19980325
360;351;19980326
351;351;19980327
351;339;19980330
339;345;19980331
345;345;19980401
345;339;19980402
339;339;19980406
339;342;19980407
342;333;19980408
333;336;19980409
336;336;19980414
336;336;19980415
336;342;19980416
342;336;19980417
336;339;19980420
339;339;19980421
339;345;19980422
345;351;19980423
351;363;19980424
363;363;19980427
363;360;19980428
360;360;19980429
360;363;19980430
363;360;19980504
360;363;19980505
363;366;19980506
366;360;19980507
360;366;19980508
366;369;19980511
369;366;19980512
366;363;19980513
363;360;19980514
360;351;19980515
351;348;19980518
348;354;19980519
354;339;19980520
339;357;19980521
357;357;19980522
357;360;19980525
360;369;19980526
369;351;19980527
351;363;19980528
363;360;19980529
360;342;19980601
342;348;19980602
348;348;19980603
348;348;19980604
348;342;19980605
342;342;19980608
342;330;19980609
330;321;19980610
321;318;19980615
318;321;19980616
321;315;19980617
315;315;19980618
315;309;19980619
309;303;19980622
303;300;19980623
300;327;19980624
327;315;19980625
315;318;19980626
318;336;19980629
336;324;19980630
324;339;19980701
339;336;19980702
336;339;19980703
339;339;19980706
339;336;19980707
336;342;19980708
342;339;19980709
339;342;19980710
342;345;19980713
345;351;19980714
351;354;19980715
354;351;19980716
351;345;19980717
345;354;19980720
354;354;19980721
354;354;19980722
354;360;19980723
360;357;19980724
357;360;19980727
360;357;19980728
357;354;19980729
354;351;19980730
351;360;19980731
360;333;19980803
333;330;19980804
330;333;19980805
333;330;19980806
330;336;19980807
336;339;19980810
339;339;19980811
339;339;19980812
339;339;19980813
339;342;19980814
342;342;19980817
342;339;19980818
339;342;19980819
342;342;19980820
342;342;19980821
342;345;19980824
345;348;19980825
348;351;19980826
351;357;19980827
357;342;19980828
342;321;19980831
321;324;19980901
324;342;19980902
342;366;19980903
366;342;19980904
342;348;19980907
348;342;19980908
342;348;19980909
348;339;19980910
339;330;19980911
330;324;19980914
324;327;19980915
327;327;19980916
327;324;19980917
324;327;19980918
327;327;19980921
327;333;19980922
333;336;19980923
336;339;19980924
339;339;19980925
339;336;19980928
336;336;19980929
336;330;19980930
330;324;19981001
324;300;19981002
300;300;19981005
300;294;19981006
294;273;19981007
273;255;19981008
255;270;19981009
270;282;19981012
282;276;19981013
276;279;19981014
279;267;19981015
267;282;19981016
282;276;19981019
276;282;19981020
282;282;19981021
282;282;19981022
282;282;19981023
282;282;19981026
282;282;19981027
282;282;19981028
282;270;19981029
270;282;19981030
282;282;19981102
282;288;19981103
288;282;19981104
282;240;19981105
240;243;19981106
243;246;19981109
246;246;19981110
246;246;19981112
246;252;19981113
252;282;19981116
282;279;19981117
279;276;19981118
276;267;19981119
267;249;19981120
249;261;19981123
261;258;19981124
258;258;19981125
258;255;19981126
255;267;19981127
267;267;19981130
267;267;19981201
267;231;19981202
231;243;19981203
243;234;19981204
234;240;19981207
240;234;19981208
234;228;19981209
228;231;19981210
231;246;19981211
246;243;19981214
243;246;19981215
246;252;19981216
252;255;19981217
255;270;19981218
270;258;19981221
258;264;19981222
264;258;19981223
258;273;19981228
273;267;19981229
267;258;19981230
258;279;19981231
279;276;19990104
276;267;19990105
267;279;19990106
279;279;19990107
279;291;19990108
291;306;19990111
306;312;19990112
312;285;19990113
285;303;19990114
303;300;19990115
300;315;19990118
315;312;19990119
312;321;19990120
321;309;19990121
309;306;19990122
306;306;19990125
306;315;19990126
315;330;19990127
330;330;19990128
330;339;19990129
339;357;19990201
357;363;19990202
363;378;19990203
378;414;19990204
414;411;19990205
411;420;19990208
420;429;19990209
429;438;19990210
438;429;19990211
429;420;19990212
420;429;19990215
429;423;19990216
423;387;19990217
387;390;19990218
390;384;19990219
384;387;19990222
387;369;19990223
369;354;19990224
354;330;19990225
330;336;19990226
336;342;19990301
342;348;19990302
348;348;19990303
348;336;19990304
336;357;19990305
357;360;19990308
360;366;19990309
366;360;19990310
360;357;19990311
357;375;19990312
375;375;19990315
375;369;19990316
369;363;19990317
363;372;19990318
372;390;19990319
390;396;19990322
396;399;19990323
399;396;19990324
396;405;19990325
405;405;19990326
405;402;19990329
402;405;19990330
405;408;19990331
408;417;19990401
417;417;19990406
417;390;19990407
390;363;19990408
363;339;19990409
339;357;19990412
357;360;19990413
360;354;19990414
354;339;19990415
339;318;19990416
318;330;19990419
330;321;19990420
321;324;19990421
324;312;19990422
312;321;19990423
321;321;19990426
321;321;19990427
321;318;19990428
318;312;19990429
312;309;19990430
309;309;19990504
309;309;19990505
309;309;19990506
309;306;19990507
306;303;19990510
303;324;19990511
324;315;19990512
315;318;19990513
318;315;19990514
315;300;19990517
300;303;19990518
303;300;19990519
300;306;19990520
306;306;19990521
306;309;19990524
309;306;19990525
306;297;19990526
297;294;19990527
294;285;19990528
285;288;19990531
288;282;19990601
282;279;19990602
279;279;19990607
279;279;19990608
279;276;19990609
276;273;19990610
273;273;19990611
273;273;19990614
273;285;19990615
285;279;19990616
279;270;19990617
270;273;19990618
273;273;19990621
273;270;19990622
270;264;19990623
264;267;19990624
267;267;19990625
267;261;19990628
261;255;19990629
255;246;19990630
246;249;19990701
249;237;19990702
237;234;19990705
234;246;19990706
246;243;19990707
243;243;19990708
243;240;19990709
240;240;19990712
240;237;19990713
237;237;19990714
237;231;19990715
231;228;19990716
228;231;19990719
231;231;19990720
231;228;19990721
228;228;19990722
228;231;19990723
231;231;19990726
231;234;19990727
234;234;19990728
234;231;19990729
231;231;19990730
231;231;19990802
231;231;19990803
231;234;19990804
234;231;19990805
231;231;19990806
231;234;19990809
234;237;19990810
237;246;19990811
246;246;19990812
246;246;19990813
246;252;19990816
252;246;19990817
246;249;19990818
249;252;19990819
252;252;19990820
252;252;19990823
252;255;19990824
255;243;19990825
243;237;19990826
237;243;19990827
243;246;19990830
246;243;19990831
243;243;19990901
243;240;19990902
240;243;19990903
243;240;19990906
240;237;19990907
237;228;19990908
228;231;19990909
231;228;19990910
228;219;19990913
219;210;19990914
210;210;19990915
210;204;19990916
204;210;19990917
210;204;19990920
204;183;19990921
183;177;19990922
177;177;19990923
177;165;19990924
165;171;19990927
171;166,2;19990928
166,2;164,4;19990929
164,4;168;19990930
168;168;19991001
168;174,6;19991004
174,6;175,8;19991005
175,8;180;19991006
180;184,8;19991007
184,8;180;19991008
180;180,6;19991011
180,6;177,6;19991012
177,6;171,6;19991013
171,6;172,2;19991014
172,2;171;19991015
171;163,2;19991018
163,2;163,2;19991019
163,2;167,4;19991020
167,4;165;19991021
165;167,4;19991022
167,4;168;19991025
168;163,8;19991026
163,8;161,4;19991027
161,4;162;19991028
162;165;19991029
165;157,2;19991102
157,2;157,8;19991103
157,8;144,6;19991104
144,6;133,8;19991105
133,8;133,8;19991108
133,8;138;19991109
138;138;19991110
138;140,4;19991115
140,4;144;19991116
144;144,6;19991117
144,6;147;19991118
147;150,6;19991119
150,6;156,6;19991122
156,6;157,2;19991123
157,2;156;19991124
156;157,2;19991125
157,2;156;19991126
156;153;19991129
153;156,6;19991130
156,6;156,6;19991201
156,6;157,8;19991202
157,8;161,4;19991203
161,4;172,8;19991206
172,8;179,4;19991207
179,4;172,8;19991208
172,8;173,4;19991209
173,4;175,2;19991210
175,2;187,2;19991213
187,2;184,8;19991214
184,8;182,4;19991215
182,4;178,2;19991216
178,2;178,2;19991217
178,2;177;19991220
177;172,8;19991221
172,8;174;19991222
174;181,2;19991223
181,2;210;19991227
210;207,6;19991228
207,6;209,4;19991229
209,4;222;20000103
222;213,6;20000104
213,6;204;20000105
204;205,2;20000106
205,2;214,8;20000107
214,8;218,4;20000110
218,4;212,4;20000111
212,4;210,6;20000112
210,6;204,6;20000113
204,6;208,2;20000114
208,2;197,4;20000117
197,4;192;20000118
192;186;20000119
186;186;20000120
186;186,6;20000121
186,6;175,2;20000124
175,2;165,6;20000125
165,6;168;20000126
168;180,6;20000127
180,6;172,8;20000128
172,8;177;20000131
177;177;20000201
177;178,2;20000202
178,2;183;20000203
183;186,6;20000204
186,6;184,8;20000207
184,8;186;20000208
186;186,6;20000209
186,6;184,2;20000210
184,2;172,2;20000211
172,2;174;20000214
174;174;20000215
174;171;20000216
171;165,6;20000217
165,6;166,2;20000218
166,2;156;20000221
156;162;20000222
162;153;20000223
153;146,4;20000224
146,4;147,6;20000225
147,6;148,2;20000228
148,2;157,2;20000229
157,2;159;20000301
159;168;20000302
168;177,6;20000303
177,6;179,4;20000306
179,4;177;20000307
177;172,2;20000308
172,2;192;20000309
192;195,6;20000310
195,6;180;20000313
180;187,2;20000314
187,2;177,6;20000315
177,6;166,8;20000316
166,8;169,8;20000317
169,8;168;20000320
168;168,6;20000321
168,6;169,2;20000322
169,2;168;20000323
168;168;20000324
168;172,2;20000327
172,2;174,6;20000328
174,6;171,6;20000329
171,6;172,8;20000330
172,8;170,4;20000331
170,4;162,6;20000403
162,6;162,6;20000404
162,6;156;20000405
156;163,8;20000406
163,8;169,2;20000407
169,2;174;20000410
174;172,2;20000411
172,2;175,8;20000412
175,8;176,4;20000413
176,4;174,6;20000414
174,6;162;20000417
162;163,2;20000418
163,2;162;20000419
162;165,6;20000420
165,6;161,4;20000425
161,4;157,2;20000426
157,2;157,8;20000427
157,8;158,4;20000428
158,4;157,8;20000504
157,8;154,2;20000505
154,2;152,4;20000508
152,4;151,8;20000509
151,8;152,4;20000510
152,4;153;20000511
153;151,8;20000512
151,8;157,8;20000515
157,8;157,2;20000516
157,2;159;20000517
159;162,6;20000518
162,6;158,4;20000519
158,4;156;20000522
156;150,6;20000523
150,6;151,2;20000524
151,2;150;20000525
150;144;20000526
144;147;20000529
147;150;20000530
150;145,8;20000531
145,8;148,2;20000601
148,2;148,2;20000602
148,2;144;20000605
144;142,2;20000606
142,2;143,4;20000607
143,4;144,6;20000608
144,6;144;20000609
144;144;20000612
144;142,8;20000613
142,8;144;20000614
144;156;20000615
156;160,2;20000616
160,2;153;20000619
153;148,2;20000620
148,2;148,8;20000621
148,8;145,2;20000623
145,2;147;20000626
147;147;20000627
147;147;20000628
147;145,8;20000629
145,8;143,4;20000630
143,4;144;20000703
144;145,2;20000704
145,2;147,6;20000705
147,6;149,4;20000706
149,4;150;20000707
150;155,4;20000710
155,4;159;20000711
159;154,8;20000712
154,8;151,8;20000713
151,8;150,6;20000714
150,6;154,2;20000717
154,2;151,2;20000718
151,2;150;20000719
150;149,4;20000720
149,4;157,2;20000721
157,2;158,4;20000724
158,4;157,2;20000725
157,2;157,2;20000726
157,2;159,6;20000727
159,6;157,8;20000728
157,8;153,6;20000731
153,6;156;20000801
156;155,4;20000802
155,4;154,8;20000803
154,8;155,4;20000804
155,4;153;20000807
153;159;20000808
159;166,2;20000809
166,2;170,4;20000810
170,4;165;20000811
165;168,6;20000814
168,6;168;20000816
168;156;20000817
156;151,2;20000818
151,2;154,8;20000821
154,8;161,4;20000822
161,4;162,6;20000823
162,6;162,6;20000824
162,6;159;20000825
159;161,4;20000828
161,4;163,8;20000829
163,8;164,4;20000830
164,4;166,2;20000831
166,2;166,2;20000901
166,2;169,8;20000904
169,8;171;20000905
171;169,8;20000906
169,8;163,8;20000907
163,8;166,8;20000908
166,8;160,8;20000911
160,8;162,6;20000912
162,6;159,6;20000913
159,6;163,8;20000914
163,8;184,8;20000915
184,8;179,4;20000918
179,4;183;20000919
183;190,8;20000920
190,8;181,8;20000921
181,8;177;20000922
177;171;20000925
171;168;20000926
168;167,4;20000927
167,4;166,8;20000928
166,8;171;20000929
171;171;20001002
171;163,2;20001003
163,2;159,6;20001004
159,6;165;20001005
165;170,4;20001006
170,4;172,8;20001009
172,8;164,4;20001010
164,4;165;20001011
165;157,8;20001012
157,8;145,2;20001013
145,2;153,6;20001016
153,6;157,2;20001017
157,2;149,4;20001018
149,4;153;20001019
153;156;20001020
156;161,4;20001023
161,4;161,4;20001024
161,4;158,4;20001025
158,4;160,8;20001026
160,8;159,6;20001027
159,6;153,6;20001030
153,6;154,2;20001031
154,2;160,8;20001102
160,8;157,8;20001103
157,8;160,2;20001106
160,2;160,8;20001107
160,8;156;20001108
156;156;20001109
156;154,8;20001110
154,8;147;20001113
147;153;20001114
153;150;20001115
150;153,6;20001116
153,6;153;20001117
153;153;20001120
153;147,6;20001121
147,6;147;20001122
147;150;20001123
150;153;20001124
153;157,2;20001127
157,2;156;20001128
156;154,8;20001129
154,8;154,8;20001130
154,8;151,2;20001201
151,2;150;20001204
150;148,8;20001205
148,8;162;20001206
162;160,8;20001207
160,8;158,4;20001208
158,4;157,8;20001211
157,8;154,2;20001212
154,2;153,6;20001213
153,6;159,6;20001214
159,6;155,4;20001215
155,4;154,2;20001218
154,2;154,2;20001219
154,2;153;20001220
153;149,4;20001221
149,4;151,2;20001222
151,2;149,4;20001227
149,4;148,2;20001228
148,2;144;20001229
144;148,8;20010102
148,8;149,4;20010103
149,4;152,4;20010104
152,4;149,4;20010105
149,4;148,8;20010108
148,8;147;20010109
147;147;20010110
147;145,8;20010111
145,8;144;20010112
144;139,8;20010115
139,8;133,2;20010116
133,2;133,2;20010117
133,2;136,8;20010118
136,8;134,4;20010119
134,4;135;20010122
135;132,6;20010123
132,6;135,6;20010124
135,6;137,4;20010125
137,4;137,4;20010126
137,4;136,2;20010129
136,2;135;20010130
135;135;20010131
135;133,8;20010201
133,8;137,4;20010202
137,4;135;20010205
135;133,2;20010206
133,2;131,4;20010207
131,4;130,2;20010208
130,2;129;20010209
129;129;20010212
129;131,4;20010213
131,4;127,8;20010214
127,8;130,8;20010215
130,8;130,2;20010216
130,2;129,6;20010219
129,6;129;20010220
129;129,6;20010221
129,6;127,2;20010222
127,2;125,4;20010223
125,4;124,8;20010226
124,8;119,4;20010227
119,4;123,6;20010228
123,6;120,6;20010301
120,6;124,8;20010302
124,8;129,6;20010305
129,6;130,2;20010306
130,2;127,8;20010307
127,8;126,6;20010308
126,6;126;20010309
126;124,2;20010312
124,2;124,2;20010313
124,2;123,6;20010314
123,6;127,2;20010315
127,2;128,4;20010316
128,4;129;20010319
129;131,4;20010320
131,4;132;20010321
132;133,2;20010322
133,2;135;20010323
135;135;20010326
135;135;20010327
135;135;20010328
135;133,8;20010329
133,8;134,4;20010330
134,4;133,2;20010402
133,2;133,8;20010403
133,8;133,8;20010404
133,8;133,8;20010405
133,8;133,8;20010406
133,8;133,8;20010409
133,8;133,8;20010410
133,8;135;20010411
135;135;20010412
135;132,6;20010417
132,6;132;20010418
132;133,2;20010419
133,2;133,2;20010420
133,2;133,2;20010423
133,2;132,6;20010424
132,6;130,8;20010425
130,8;132;20010426
132;132,6;20010427
132,6;132;20010430
132;129;20010502
129;131,4;20010504
131,4;134,4;20010507
134,4;133,2;20010508
133,2;131,4;20010509
131,4;133,8;20010510
133,8;133,8;20010511
133,8;135;20010514
135;133,8;20010515
133,8;132,6;20010516
132,6;127,2;20010517
127,2;130,8;20010518
130,8;129;20010521
129;130,8;20010522
130,8;130,2;20010523
130,2;127,8;20010524
127,8;127,2;20010525
127,2;127,2;20010528
127,2;125,4;20010529
125,4;127,2;20010530
127,2;121,8;20010531
121,8;121,8;20010601
121,8;120;20010604
120;120;20010605
120;120;20010606
120;121,2;20010607
121,2;122,4;20010608
122,4;118,2;20010611
118,2;118,2;20010612
118,2;117,6;20010613
117,6;114;20010615
114;113,4;20010618
113,4;111;20010619
111;106,8;20010620
106,8;109,8;20010621
109,8;104,4;20010622
104,4;104,4;20010625
104,4;104,4;20010626
104,4;105;20010627
105;108;20010628
108;105;20010629
105;105;20010702
105;105,6;20010703
105,6;102;20010704
102;99;20010705
99;100,8;20010706
100,8;100,8;20010709
100,8;97,8;20010710
97,8;94,8;20010711
94,8;97,2;20010712
97,2;102;20010713
102;101,4;20010716
101,4;94,8;20010717
94,8;94,8;20010718
94,8;91,2;20010719
91,2;91,2;20010720
91,2;87;20010723
87;86,4;20010724
86,4;87;20010725
87;89,4;20010726
89,4;92,4;20010727
92,4;90,6;20010730
90,6;90;20010731
90;90,6;20010801
90,6;90;20010802
90;90;20010803
90;89,4;20010806
89,4;94,2;20010807
94,2;96,6;20010808
96,6;94,2;20010809
94,2;92,4;20010810
92,4;91,8;20010813
91,8;92,4;20010814
92,4;94,2;20010816
94,2;95,4;20010817
95,4;93;20010820
93;99;20010821
99;103,8;20010822
103,8;109,2;20010823
109,2;109,8;20010824
109,8;108,6;20010827
108,6;106,8;20010828
106,8;109,2;20010829
109,2;106,8;20010830
106,8;115,2;20010831
115,2;121,8;20010903
121,8;123;20010904
123;117;20010905
117;115,2;20010906
115,2;115,2;20010907
115,2;114;20010910
114;113,4;20010911
113,4;113,4;20010912
113,4;112,8;20010913
112,8;114;20010914
114;114;20010917
114;114;20010918
114;119,4;20010919
119,4;124,8;20010920
124,8;126;20010921
126;128,4;20010924
128,4;131,4;20010925
131,4;133,8;20010926
133,8;130,2;20010927
130,2;126;20010928
126;122,4;20011001
122,4;117,6;20011002
117,6;116,4;20011003
116,4;122,4;20011004
122,4;124,2;20011005
124,2;124,2;20011008
124,2;129;20011009
129;130,2;20011010
130,2;132;20011011
132;135;20011012
135;135;20011015
135;138;20011016
138;135;20011017
135;136,2;20011018
136,2;135,6;20011019
135,6;136,8;20011022
136,8;137,4;20011023
137,4;136,2;20011024
136,2;137,4;20011025
137,4;138;20011026
138;138;20011029
138;138;20011030
138;138;20011031
138;138;20011102
138;137,4;20011105
137,4;137,4;20011106
137,4;135;20011107
135;135;20011108
135;135;20011109
135;135;20011112
135;140,4;20011113
140,4;138;20011114
138;138;20011115
138;138;20011116
138;141;20011119
141;141,6;20011120
141,6;141;20011121
141;136,8;20011122
136,8;135;20011123
135;135;20011126
135;132;20011127
132;126,6;20011128
126,6;124,8;20011129
124,8;126,6;20011130
126,6;128,4;20011203
128,4;124,2;20011204
124,2;127,8;20011205
127,8;126;20011206
126;127,2;20011207
127,2;120,6;20011210
120,6;123;20011211
123;122,4;20011212
122,4;122,4;20011213
122,4;120;20011214
120;117;20011217
117;120;20011218
120;120;20011219
120;121,8;20011220
121,8;121,8;20011221
121,8;122,4;20011227
122,4;123;20011228
123;123;20011231
123;122,4;20020102
122,4;123;20020103
123;120;20020104
120;120;20020107
120;122,4;20020108
122,4;122,4;20020109
122,4;123;20020110
123;123;20020111
123;120;20020114
120;119,4;20020115
119,4;120;20020116
120;118,2;20020117
118,2;120;20020118
120;117;20020121
117;118,8;20020122
118,8;118,8;20020123
118,8;122,4;20020124
122,4;123;20020125
123;120;20020128
120;120;20020129
120;119,4;20020130
119,4;119,4;20020131
119,4;120;20020201
120;118,8;20020204
118,8;119,4;20020205
119,4;119,4;20020206
119,4;117,6;20020207
117,6;119,4;20020208
119,4;118,8;20020211
118,8;118,8;20020212
118,8;118,8;20020213
118,8;117,6;20020214
117,6;117;20020215
117;117,6;20020218
117,6;117,6;20020219
117,6;117;20020220
117;117;20020221
117;117;20020222
117;117;20020225
117;117;20020226
117;117;20020227
117;117;20020228
117;117,6;20020301
117,6;116,4;20020304
116,4;117;20020305
117;117;20020306
117;117;20020307
117;117;20020308
117;116,4;20020311
116,4;115,8;20020312
115,8;115,8;20020313
115,8;116,4;20020314
116,4;116,4;20020315
116,4;116,4;20020318
116,4;115,8;20020319
115,8;115,8;20020320
115,8;115,8;20020321
115,8;115,2;20020322
115,2;115,2;20020325
115,2;114;20020326
114;115,2;20020327
115,2;117;20020328
117;117;20020402
117;117,6;20020403
117,6;117,6;20020404
117,6;117,6;20020405
117,6;116,4;20020408
116,4;117;20020409
117;117,6;20020410
117,6;120;20020411
120;121,2;20020412
121,2;122,4;20020415
122,4;122,4;20020416
122,4;122,4;20020417
122,4;121,8;20020418
121,8;121,2;20020419
121,2;120,6;20020422
120,6;120;20020423
120;118,2;20020424
118,2;120;20020425
120;121,8;20020426
121,8;121,8;20020429
121,8;122,4;20020430
122,4;121,2;20020502
121,2;120;20020506
120;120;20020507
120;120,6;20020508
120,6;120;20020509
120;120;20020510
120;120,6;20020513
120,6;124,8;20020514
124,8;124,8;20020515
124,8;126;20020516
126;126;20020517
126;124,2;20020520
124,2;125,4;20020521
125,4;125,4;20020522
125,4;125,4;20020523
125,4;125,4;20020524
125,4;122,4;20020527
122,4;123,6;20020528
123,6;123;20020529
123;123,6;20020531
123,6;123,6;20020603
123,6;123,6;20020604
123,6;123,6;20020605
123,6;124,2;20020606
124,2;125,4;20020607
125,4;125,4;20020610
125,4;125,4;20020611
125,4;125,4;20020612
125,4;125,4;20020613
125,4;125,4;20020614
125,4;125,4;20020617
125,4;125,4;20020618
125,4;125,4;20020619
125,4;124,8;20020620
124,8;124,8;20020621
124,8;124,2;20020624
124,2;121,2;20020625
121,2;124,8;20020626
124,8;125,4;20020627
125,4;123;20020628
123;124,8;20020701
124,8;124,8;20020702
124,8;124,2;20020703
124,2;125,4;20020704
125,4;125,4;20020705
125,4;127,8;20020708
127,8;128,4;20020709
128,4;131,4;20020710
131,4;131,4;20020711
131,4;131,4;20020712
131,4;130,2;20020715
130,2;129,6;20020716
129,6;129;20020717
129;129;20020718
129;128,4;20020719
128,4;128,4;20020722
128,4;131,4;20020723
131,4;128,4;20020724
128,4;128,4;20020725
128,4;124,8;20020726
124,8;125,4;20020729
125,4;125,4;20020730
125,4;124,2;20020731
124,2;124,2;20020801
124,2;124,2;20020802
124,2;121,2;20020805
121,2;119,4;20020806
119,4;118,8;20020807
118,8;118,8;20020808
118,8;115,2;20020809
115,2;115,8;20020812
115,8;115,8;20020813
115,8;114;20020814
114;115,8;20020816
115,8;115,2;20020819
115,2;118,8;20020820
118,8;117,6;20020821
117,6;118,2;20020822
118,2;122,4;20020823
122,4;123;20020826
123;120;20020827
120;121,2;20020828
121,2;118,2;20020829
118,2;119,4;20020830
119,4;120;20020902
120;120;20020903
120;118,8;20020904
118,8;119,4;20020905
119,4;118,8;20020906
118,8;118,2;20020909
118,2;117,6;20020910
117,6;118,2;20020911
118,2;118,8;20020912
118,8;117;20020913
117;115,8;20020916
115,8;114;20020917
114;115,8;20020918
115,8;115,8;20020919
115,8;118,2;20020920
118,2;114,6;20020923
114,6;114,6;20020924
114,6;111;20020925
111;114;20020926
114;109,8;20020927
109,8;112,8;20020930
112,8;112,2;20021001
112,2;112,2;20021002
112,2;111,6;20021003
111,6;111;20021004
111;107,4;20021007
107,4;106,2;20021008
106,2;107,4;20021009
107,4;108;20021010
108;108,6;20021011
108,6;106,8;20021014
106,8;106,8;20021015
106,8;106,2;20021016
106,2;106,8;20021017
106,8;107,4;20021018
107,4;108;20021021
108;108;20021022
108;108;20021023
108;108;20021024
108;106,8;20021025
106,8;106,8;20021028
106,8;105,6;20021029
105,6;105,6;20021030
105,6;105;20021031
105;106,8;20021104
106,8;108;20021105
108;111,6;20021106
111,6;109,2;20021107
109,2;109,2;20021108
109,2;108;20021112
108;106,8;20021113
106,8;111;20021114
111;109,8;20021115
109,8;111,6;20021118
111,6;111,6;20021119
111,6;111,6;20021120
111,6;113,4;20021121
113,4;112,8;20021122
112,8;115,2;20021125
115,2;117;20021126
117;118,8;20021127
118,8;118,2;20021128
118,2;120;20021129
120;121,2;20021202
121,2;119,4;20021203
119,4;120,6;20021204
120,6;120;20021205
120;120;20021206
120;122,4;20021209
122,4;122,4;20021210
122,4;120,6;20021211
120,6;120,6;20021212
120,6;120,6;20021213
120,6;121,2;20021216
121,2;121,2;20021217
121,2;121,8;20021218
121,8;121,8;20021219
121,8;125,4;20021220
125,4;121,2;20021223
121,2;123;20021227
123;121,2;20021230
121,2;118,8;20021231
118,8;120,6;20030102
120,6;121,2;20030103
121,2;122,4;20030106
122,4;122,4;20030107
122,4;130,2;20030108
130,2;127,2;20030109
127,2;141;20030110
141;145,8;20030113
145,8;145,8;20030114
145,8;145,8;20030115
145,8;146,4;20030116
146,4;148,8;20030117
148,8;148,8;20030120
148,8;150;20030121
150;149,4;20030122
149,4;150;20030123
150;150;20030124
150;151,2;20030127
151,2;150;20030128
150;155,4;20030129
155,4;160,8;20030130
160,8;156;20030131
156;160,8;20030203
160,8;153,6;20030204
153,6;153;20030205
153;153;20030206
153;152,4;20030207
152,4;152,4;20030210
152,4;155,4;20030211
155,4;156,6;20030212
156,6;160,8;20030213
160,8;156,6;20030214
156,6;161,4;20030217
161,4;163,2;20030218
163,2;162,6;20030219
162,6;162;20030220
162;162;20030221
162;159,6;20030224
159,6;156,6;20030225
156,6;154,2;20030226
154,2;154,2;20030227
154,2;152,4;20030228
152,4;147,6;20030303
147,6;147;20030304
147;147;20030305
147;143,4;20030306
143,4;149,4;20030307
149,4;145,2;20030310
145,2;144;20030311
144;146,4;20030312
146,4;145,8;20030313
145,8;145,8;20030314
145,8;145,2;20030317
145,2;145,2;20030318
145,2;145,8;20030319
145,8;149,4;20030320
149,4;151,8;20030321
151,8;147,6;20030324
147,6;145,2;20030325
145,2;145,8;20030326
145,8;145,8;20030327
145,8;145,2;20030328
145,2;145,8;20030331
145,8;150,6;20030401
150,6;148,2;20030402
148,2;146,4;20030403
146,4;149,4;20030404
149,4;145,2;20030407
145,2;149,4;20030408
149,4;151,2;20030409
151,2;153;20030410
153;155,4;20030411
155,4;153;20030414
153;154,2;20030415
154,2;153;20030416
153;154,2;20030417
154,2;151,2;20030422
151,2;153,6;20030423
153,6;156;20030424
156;156;20030425
156;151,8;20030428
151,8;153;20030429
153;150;20030430
150;153;20030502
153;150;20030505
150;143,4;20030506
143,4;146,4;20030507
146,4;144;20030508
144;145,2;20030509
145,2;145,2;20030512
145,2;140,4;20030513
140,4;146,4;20030514
146,4;142,8;20030515
142,8;142,2;20030516
142,2;139,8;20030519
139,8;139,2;20030520
139,2;142,2;20030521
142,2;142,2;20030522
142,2;147;20030523
147;150;20030526
150;150;20030527
150;148,8;20030528
148,8;148,8;20030529
148,8;148,8;20030530
148,8;148,2;20030602
148,2;149,4;20030603
149,4;150,6;20030604
150,6;152,4;20030605
152,4;153;20030606
153;153;20030609
153;150,6;20030610
150,6;148,8;20030611
148,8;148,8;20030612
148,8;148,8;20030613
148,8;148,2;20030616
148,2;153;20030617
153;147;20030618
147;147;20030620
147;147;20030623
147;147,6;20030624
147,6;149,4;20030625
149,4;148,2;20030626
148,2;147;20030627
147;147,6;20030630
147,6;148,2;20030701
148,2;148,2;20030702
148,2;148,2;20030703
148,2;147;20030704
147;147,6;20030707
147,6;148,8;20030708
148,8;150;20030709
150;151,8;20030710
151,8;151,8;20030711
151,8;149,4;20030714
149,4;148,8;20030715
148,8;149,4;20030716
149,4;150;20030717
150;148,8;20030718
148,8;149,4;20030721
149,4;149,4;20030722
149,4;151,8;20030723
151,8;150,6;20030724
150,6;149,4;20030725
149,4;150;20030728
150;153;20030729
153;157,8;20030730
157,8;156;20030731
156;154,8;20030801
154,8;154,2;20030804
154,2;156;20030805
156;153;20030806
153;153;20030807
153;152,4;20030808
152,4;156;20030811
156;152,4;20030812
152,4;153;20030813
153;153;20030814
153;156;20030818
156;158,4;20030819
158,4;158,4;20030820
158,4;167,4;20030821
167,4;167,4;20030822
167,4;169,2;20030825
169,2;168;20030826
168;169,2;20030827
169,2;168;20030828
168;168;20030829
168;169,2;20030901
169,2;164,4;20030902
164,4;168;20030903
168;168,6;20030904
168,6;168,6;20030905
168,6;171;20030908
171;168;20030909
168;168;20030910
168;163,8;20030911
163,8;168;20030912
168;164,4;20030915
164,4;164,4;20030916
164,4;164,4;20030917
164,4;167,4;20030918
167,4;163,8;20030919
163,8;167,4;20030922
167,4;165;20030923
165;162,6;20030924
162,6;165;20030925
165;163,2;20030926
163,2;163,2;20030929
163,2;166,2;20030930
166,2;162,6;20031001
162,6;165,6;20031002
165,6;166,8;20031003
166,8;166,8;20031006
166,8;164,4;20031007
164,4;164,4;20031008
164,4;164,4;20031009
164,4;161,4;20031010
161,4;163,8;20031013
163,8;163,8;20031014
163,8;165,6;20031015
165,6;162;20031016
162;166,2;20031017
166,2;163,2;20031020
163,2;169,2;20031021
169,2;171;20031022
171;170,4;20031023
170,4;167,4;20031024
167,4;171;20031027
171;171;20031028
171;166,8;20031029
166,8;170,4;20031030
170,4;169,8;20031031
169,8;169,2;20031103
169,2;169,2;20031104
169,2;165;20031105
165;168,6;20031106
168,6;169,2;20031107
169,2;165,6;20031110
165,6;165;20031112
165;162,6;20031113
162,6;165,6;20031114
165,6;160,8;20031117
160,8;159,6;20031118
159,6;159;20031119
159;157,2;20031120
157,2;157,2;20031121
157,2;156,6;20031124
156,6;157,2;20031125
157,2;153;20031126
153;159;20031127
159;156;20031128
156;156,6;20031201
156,6;156;20031202
156;150;20031203
150;154,2;20031204
154,2;151,2;20031205
151,2;153;20031208
153;149,4;20031209
149,4;149,4;20031210
149,4;151,2;20031211
151,2;156;20031212
156;156;20031215
156;156,6;20031216
156,6;154,2;20031217
154,2;153;20031218
153;154,2;20031219
154,2;151,2;20031222
151,2;155,4;20031223
155,4;155,4;20031229
155,4;155,4;20031230
155,4;148,8;20031231
148,8;147,6;20040102
147,6;148,8;20040105
148,8;149,4;20040106
149,4;151,2;20040107
151,2;149,4;20040108
149,4;148,8;20040109
148,8;147,6;20040112
147,6;148,2;20040113
148,2;149,4;20040114
149,4;150;20040115
150;151,2;20040116
151,2;150,6;20040119
150,6;151,8;20040120
151,8;153;20040121
153;156;20040122
156;159,6;20040123
159,6;160,8;20040126
160,8;159,6;20040127
159,6;159,6;20040128
159,6;161,4;20040129
161,4;162,6;20040130
162,6;163,2;20040202
163,2;164,4;20040203
164,4;169,8;20040204
169,8;175,8;20040205
175,8;186,6;20040206
186,6;206,4;20040209
206,4;207;20040210
207;195;20040211
195;192;20040212
192;190,2;20040213
190,2;189;20040216
189;188,4;20040217
188,4;195;20040218
195;195;20040219
195;195;20040220
195;202,2;20040223
202,2;195,6;20040224
195,6;194,4;20040225
194,4;193,2;20040226
193,2;194,4;20040227
194,4;190,8;20040301
190,8;186;20040302
186;184,8;20040303
184,8;184,8;20040304
184,8;186;20040305
186;190,2;20040308
190,2;183;20040309
183;186;20040310
186;184,2;20040311
184,2;183;20040312
183;181,8;20040315
181,8;184,2;20040316
184,2;187,8;20040317
187,8;180;20040318
180;183,6;20040319
183,6;186;20040322
186;187,8;20040323
187,8;189;20040324
189;192;20040325
192;197,4;20040326
197,4;199,8;20040329
199,8;195,6;20040330
195,6;201;20040331
201;201;20040401
201;195,6;20040402
195,6;201;20040405
201;214,2;20040408
214,2;217,8;20040413
217,8;215,4;20040414
215,4;216,6;20040415
216,6;216;20040416
216;216;20040419
216;216;20040420
216;216,6;20040421
216,6;219;20040422
219;219;20040423
219;213,6;20040426
213,6;219;20040427
219;219;20040428
219;215,4;20040429
215,4;214,8;20040430
214,8;220,2;20040504
220,2;221,4;20040506
221,4;221,4;20040507
221,4;216;20040510
216;216;20040511
216;220,8;20040512
220,8;216;20040513
216;231;20040514
231;237;20040517
237;257,4;20040518
257,4;295,2;20040519
295,2;294;20040520
294;294;20040521
294;279;20040524
279;264,6;20040525
264,6;267;20040526
267;270;20040527
270;278,4;20040528
278,4;285,6;20040531
285,6;273;20040601
273;279;20040602
279;271,2;20040603
271,2;270;20040604
270;267;20040607
267;274,8;20040608
274,8;297;20040609
297;306;20040611
306;312;20040614
312;312;20040615
312;306;20040616
306;306;20040617
306;298,2;20040618
298,2;297,6;20040621
297,6;291;20040622
291;288;20040623
288;280,2;20040624
280,2;287,4;20040625
287,4;280,8;20040628
280,8;282;20040629
282;295,2;20040630
295,2;298,8;20040701
298,8;303;20040702
303;297,6;20040705
297,6;300;20040706
300;306;20040707
306;303;20040708
303;303;20040709
303;300;20040712
300;298,8;20040713
298,8;294;20040714
294;297;20040715
297;298,8;20040716
298,8;297;20040719
297;297,6;20040720
297,6;300;20040721
300;298,2;20040722
298,2;298,2;20040723
298,2;297;20040726
297;296,4;20040727
296,4;297,6;20040728
297,6;295,8;20040729
295,8;295,8;20040730
295,8;299,4;20040802
299,4;309;20040803
309;321;20040804
321;336;20040805
336;336;20040806
336;342;20040809
342;348;20040810
348;336;20040811
336;333;20040812
333;333;20040813
333;336;20040816
336;336;20040817
336;327;20040818
327;321;20040819
321;321;20040820
321;339;20040823
339;336;20040824
336;327;20040825
327;327;20040826
327;321;20040827
321;321;20040830
321;318;20040831
318;318;20040901
318;315;20040902
315;321;20040903
321;315;20040906
315;327;20040907
327;327;20040908
327;321;20040909
321;318;20040910
318;324;20040913
324;321;20040914
321;315;20040915
315;315;20040916
315;318;20040917
318;315;20040920
315;315;20040921
315;312;20040922
312;312;20040923
312;318;20040924
318;318;20040927
318;318;20040928
318;315;20040929
315;312;20040930
312;312;20041001
312;318;20041004
318;324;20041005
324;327;20041006
327;324;20041007
324;327;20041008
327;327;20041011
327;330;20041012
330;333;20041013
333;339;20041014
339;345;20041015
345;339;20041018
339;333;20041019
333;330;20041020
330;321;20041021
321;306;20041022
306;303;20041025
303;306;20041026
306;306;20041027
306;312;20041028
312;327;20041029
327;318;20041102
318;330;20041103
330;327;20041104
327;330;20041105
330;363;20041108
363;360;20041109
360;363;20041110
363;399;20041112
399;414;20041115
414;411;20041116
411;402;20041117
402;372;20041118
372;387;20041119
387;387;20041122
387;387;20041123
387;384;20041124
384;381;20041125
381;378;20041126
378;393;20041129
393;405;20041130
405;438;20041201
438;447;20041202
447;456;20041203
456;474;20041206
474;465;20041207
465;453;20041208
453;456;20041209
456;453;20041210
453;453;20041213
453;450;20041214
450;450;20041215
450;435;20041216
435;435;20041217
435;438;20041220
438;444;20041221
444;456;20041222
456;459;20041223
459;480;20041224
480;486;20041227
486;486;20041228
486;528;20041229
528;525;20041230
525;534;20041231
534;534;20050103
534;534;20050104
534;540;20050105
540;540;20050106
540;552;20050107
552;576;20050110
576;567;20050111
567;576;20050112
576;573;20050113
573;567;20050114
567;567;20050117
567;582;20050118
582;594;20050119
594;618;20050120
618;621;20050121
621;621;20050124
621;615;20050125
615;642;20050127
642;642;20050128
642;657;20050131
657;663;20050201
663;672;20050202
672;678;20050203
678;678;20050204
678;687;20050207
687;600;20050208
600;498;20050209
498;480;20050210
480;480;20050211
480;465;20050214
465;456;20050215
456;354;20050216
354;372;20050217
372;381;20050218
381;384;20050221
384;378;20050222
378;375;20050223
375;372;20050224
372;372;20050225
372;366;20050228
366;363;20050301
363;348;20050302
348;342;20050303
342;345;20050304
345;366;20050307
366;363;20050308
363;357;20050309
357;357;20050310
357;357;20050311
357;342;20050314
342;345;20050315
345;339;20050316
339;306;20050317
306;300;20050318
300;294,6;20050321
294,6;312;20050322
312;312;20050323
312;309;20050324
309;312;20050329
312;303;20050330
303;306;20050331
306;306;20050401
306;306;20050404
306;315;20050405
315;327;20050406
327;336;20050407
336;324;20050411
324;315;20050412
315;318;20050413
318;315;20050414
315;318;20050415
318;315;20050418
315;315;20050419
315;315;20050420
315;312;20050421
312;315;20050422
315;309;20050425
309;306;20050426
306;297,6;20050427
297,6;298,2;20050428
298,2;293,4;20050429
293,4;299,4;20050502
299,4;298,2;20050504
298,2;290,4;20050505
290,4;291;20050506
291;291;20050509
291;278,4;20050510
278,4;275,4;20050511
275,4;274,2;20050512
274,2;278,4;20050513
278,4;273,6;20050516
273,6;272,4;20050517
272,4;271,8;20050518
271,8;271,8;20050519
271,8;277,8;20050520
277,8;277,2;20050523
277,2;273,6;20050524
273,6;273,6;20050525
273,6;273;20050527
273;273,6;20050530
273,6;276;20050531
276;276;20050601
276;270;20050602
270;274,2;20050603
274,2;275,4;20050606
275,4;271,8;20050607
271,8;275,4;20050608
275,4;271,8;20050609
271,8;275,4;20050610
275,4;277,8;20050613
277,8;277,8;20050614
277,8;276;20050615
276;272,4;20050616
272,4;276,6;20050617
276,6;273,6;20050620
273,6;285,6;20050621
285,6;286,2;20050622
286,2;283,8;20050623
283,8;286,2;20050624
286,2;282;20050627
282;280,8;20050628
280,8;280,8;20050629
280,8;280,8;20050630
280,8;280,8;20050701
280,8;292,2;20050704
292,2;289,8;20050705
289,8;295,8;20050706
295,8;300;20050707
300;306;20050708
306;312;20050711
312;312;20050712
312;315;20050713
315;321;20050714
321;339;20050715
339;339;20050718
339;333;20050719
333;327;20050720
327;318;20050721
318;312;20050722
312;309;20050725
309;306;20050726
306;309;20050727
309;309;20050728
309;306;20050729
306;312;20050801
312;312;20050802
312;309;20050803
309;306;20050804
306;306;20050805
306;300;20050808
300;309;20050809
309;309;20050810
309;303;20050811
303;309;20050812
309;306;20050816
306;303;20050817
303;306;20050818
306;300;20050819
300;306;20050822
306;306;20050823
306;300;20050824
300;298,8;20050825
298,8;293,4;20050826
293,4;292,8;20050829
292,8;294,6;20050830
294,6;291;20050831
291;289,8;20050901
289,8;286,8;20050902
286,8;294,6;20050905
294,6;306;20050906
306;309;20050907
309;309;20050908
309;309;20050909
309;309;20050912
309;309;20050913
309;315;20050914
315;321;20050915
321;327;20050916
327;339;20050919
339;336;20050920
336;336;20050921
336;342;20050922
342;342;20050923
342;345;20050926
345;393;20050927
393;378;20050928
378;366;20050929
366;363;20050930
363;363;20051003
363;366;20051004
366;369;20051005
369;393;20051006
393;393;20051007
393;390;20051010
390;390;20051011
390;414;20051012
414;420;20051013
420;432;20051014
432;429;20051017
429;426;20051018
426;429;20051019
429;426;20051020
426;432;20051021
432;447;20051024
447;456;20051025
456;465;20051026
465;501;20051027
501;528;20051028
528;522;20051031
522;537;20051102
537;537;20051103
537;534;20051104
534;531;20051107
531;537;20051108
537;540;20051109
540;549;20051110
549;549;20051114
549;543;20051115
543;549;20051116
549;540;20051117
540;543;20051118
543;537;20051121
537;540;20051122
540;540;20051123
540;543;20051124
543;558;20051125
558;567;20051128
567;591;20051129
591;591;20051130
591;591;20051201
591;591;20051202
591;579;20051205
579;516;20051207
516;501;20051208
501;498;20051209
498;495;20051212
495;489;20051213
489;480;20051214
480;477;20051215
477;477;20051216
477;480;20051219
480;489;20051220
489;483;20051221
483;483;20051222
483;483;20051223
483;477;20051227
477;399;20051228
399;450;20051229
450;447;20051230
447;402;20060102
402;453;20060103
453;456;20060104
456;432;20060105
432;199,2;20060106
199,2;204;20060109
204;204;20060110
204;204;20060111
204;205,2;20060112
205,2;210;20060113
210;222;20060116
222;229,8;20060117
229,8;228;20060118
228;232,8;20060119
232,8;233,4;20060120
233,4;228,6;20060123
228,6;230,4;20060124
230,4;232,2;20060125
232,2;231;20060126
231;229,2;20060127
229,2;228,6;20060130
228,6;225,6;20060131
225,6;229,8;20060201
229,8;232,8;20060202
232,8;230,4;20060203
230,4;228;20060206
228;229,2;20060207
229,2;229,8;20060208
229,8;231;20060209
231;228,6;20060210
228,6;230,4;20060213
230,4;228,6;20060214
228,6;222;20060215
222;204;20060216
204;206,4;20060217
206,4;209,4;20060220
209,4;204,6;20060221
204,6;207,6;20060222
207,6;210;20060223
210;219;20060224
219;219;20060227
219;213;20060228
213;215,4;20060301
215,4;213;20060302
213;212,4;20060303
212,4;212,4;20060306
212,4;211,2;20060307
211,2;209,4;20060308
209,4;208,8;20060309
208,8;208,8;20060310
208,8;205,8;20060313
205,8;207;20060314
207;205,8;20060315
205,8;205,8;20060316
205,8;205,2;20060317
205,2;207;20060320
207;205,8;20060321
205,8;207;20060322
207;207;20060323
207;207,6;20060324
207,6;211,8;20060327
211,8;219;20060328
219;219;20060329
219;217,8;20060330
217,8;214,8;20060331
214,8;217,8;20060403
217,8;219;20060404
219;240;20060405
240;252;20060406
252;267,6;20060407
267,6;295,2;20060410
295,2;272,4;20060411
272,4;279,6;20060412
279,6;286,2;20060413
286,2;294;20060418
294;324;20060419
324;345;20060420
345;336;20060421
336;321;20060424
321;321;20060425
321;333;20060426
333;339;20060427
339;333;20060428
333;318;20060502
318;315;20060504
315;297;20060505
297;294;20060508
294;295,8;20060509
295,8;295,2;20060510
295,2;298,8;20060511
298,8;294;20060512
294;273;20060515
273;259,2;20060516
259,2;240,6;20060517
240,6;225;20060518
225;235,2;20060519
235,2;219;20060522
219;200,4;20060523
200,4;217,2;20060524
217,2;213;20060525
213;223,2;20060526
223,2;214,8;20060529
214,8;211,2;20060530
211,2;213;20060531
213;247,2;20060601
247,2;252,6;20060602
252,6;264;20060605
264;252,6;20060606
252,6;250,8;20060607
250,8;241,8;20060608
241,8;245,4;20060609
245,4;232,2;20060612
232,2;213;20060613
213;222;20060614
222;238,8;20060616
238,8;238,8;20060619
238,8;235,2;20060620
235,2;234;20060621
234;235,8;20060622
235,8;225;20060623
225;212,4;20060626
212,4;214,8;20060627
214,8;214,8;20060628
214,8;212,4;20060629
212,4;216;20060630
216;216;20060703
216;216;20060704
216;215,4;20060705
215,4;223,8;20060706
223,8;221,4;20060707
221,4;223,2;20060710
223,2;219,6;20060711
219,6;219;20060712
219;218,4;20060713
218,4;219;20060714
219;228;20060717
228;227,4;20060718
227,4;225;20060719
225;228;20060720
228;224,4;20060721
224,4;234;20060724
234;224,4;20060725
224,4;216;20060726
216;210,6;20060727
210,6;210;20060728
210;210;20060731
210;213;20060801
213;217,2;20060802
217,2;219,6;20060803
219,6;214,2;20060804
214,2;215,4;20060807
215,4;214,2;20060808
214,2;213;20060809
213;215,4;20060810
215,4;216;20060811
216;216;20060814
216;216,6;20060816
216,6;217,8;20060817
217,8;220,2;20060818
220,2;212,4;20060821
212,4;215,4;20060822
215,4;208,8;20060823
208,8;186;20060824
186;168;20060825
168;165;20060828
165;166,8;20060829
166,8;162;20060830
162;160,8;20060831
160,8;118,2;20060901
118,2;116,4;20060904
116,4;137,4;20060905
137,4;132;20060906
132;133,2;20060907
133,2;129;20060908
129;126;20060911
126;123,6;20060912
123,6;126;20060913
126;123,6;20060914
123,6;121,2;20060915
121,2;123;20060918
123;123;20060919
123;121,2;20060920
121,2;119,4;20060921
119,4;114;20060922
114;124,2;20060925
124,2;128,4;20060926
128,4;129;20060927
129;147;20060928
147;126,6;20060929
126,6;138;20061002
138;154,2;20061003
154,2;151,8;20061004
151,8;165;20061005
165;160,2;20061006
160,2;159;20061009
159;153;20061010
153;141;20061011
141;142,2;20061012
142,2;141,6;20061013
141,6;141,6;20061016
141,6;145,2;20061017
145,2;144,6;20061018
144,6;145,8;20061019
145,8;146,4;20061020
146,4;143,4;20061023
143,4;141;20061024
141;140,4;20061025
140,4;136,8;20061026
136,8;136,2;20061027
136,2;131,4;20061030
131,4;125,4;20061031
125,4;130,8;20061102
130,8;134,4;20061103
134,4;133,2;20061106
133,2;127,8;20061107
127,8;127,8;20061108
127,8;128,4;20061109
128,4;128,4;20061110
128,4;125,4;20061113
125,4;127,2;20061114
127,2;123;20061115
123;124,2;20061116
124,2;121,8;20061117
121,8;123,6;20061120
123,6;137,4;20061121
137,4;138;20061122
138;142,8;20061123
142,8;142,2;20061124
142,2;140,4;20061127
140,4;147,6;20061128
147,6;154,2;20061129
154,2;161,4;20061130
161,4;153;20061201
153;147,6;20061204
147,6;147;20061205
147;141,6;20061206
141,6;150,6;20061207
150,6;156;20061208
156;146,4;20061211
146,4;151,2;20061212
151,2;153,6;20061213
153,6;147;20061214
147;138;20061215
138;139,2;20061218
139,2;132,6;20061219
132,6;129,6;20061220
129,6;127,8;20061221
127,8;124,2;20061222
124,2;133,8;20061227
133,8;132;20061228
132;129,6;20061229
129,6;133,2;20070102
133,2;136,2;20070103
136,2;131,4;20070104
131,4;129;20070105
129;127,2;20070108
127,2;127,8;20070109
127,8;126,6;20070110
126,6;127,2;20070111
127,2;129,6;20070112
129,6;132;20070115
132;129;20070116
129;129;20070117
129;129;20070118
129;129;20070119
129;126,6;20070122
126,6;126,6;20070123
126,6;127,8;20070124
127,8;126,6;20070125
126,6;125,4;20070126
125,4;132;20070129
132;130,8;20070130
130,8;135;20070131
135;135;20070201
135;138;20070202
138;142,2;20070205
142,2;138;20070206
138;138,6;20070207
138,6;132;20070208
132;130,8;20070209
130,8;130,2;20070212
130,2;130,2;20070213
130,2;130,8;20070214
130,8;127,2;20070215
127,2;133,8;20070216
133,8;150;20070219
150;151,2;20070220
151,2;156;20070221
156;155,4;20070222
155,4;150,6;20070223
150,6;141,6;20070226
141,6;133,8;20070227
133,8;132;20070228
132;133,8;20070301
133,8;136,2;20070302
136,2;129,6;20070305
129,6;132;20070306
132;130,8;20070307
130,8;133,8;20070308
133,8;136,8;20070309
136,8;138,6;20070312
138,6;137,4;20070313
137,4;135;20070314
135;138;20070315
138;137,4;20070316
137,4;135,6;20070319
135,6;136,8;20070320
136,8;140,4;20070321
140,4;145,2;20070322
145,2;142,8;20070323
142,8;139,8;20070326
139,8;142,2;20070327
142,2;141,6;20070328
141,6;147,6;20070329
147,6;156;20070330
156;154,2;20070402
154,2;155,4;20070403
155,4;158,4;20070404
158,4;157,8;20070405
157,8;154,2;20070410
154,2;153;20070411
153;144,6;20070412
144,6;147,6;20070413
147,6;153;20070416
153;156;20070417
156;153,6;20070418
153,6;150;20070419
150;150;20070420
150;147,6;20070423
147,6;150,6;20070424
150,6;150,6;20070425
150,6;153;20070426
153;151,2;20070427
151,2;147;20070430
147;154,8;20070502
154,8;159;20070504
159;160,8;20070507
160,8;158,4;20070508
158,4;158,4;20070509
158,4;154,2;20070510
154,2;154,8;20070511
154,8;156;20070514
156;153,6;20070515
153,6;153;20070516
153;151,8;20070517
151,8;153,6;20070518
153,6;155,4;20070521
155,4;154,8;20070522
154,8;150;20070523
150;147,6;20070524
147,6;147;20070525
147;148,8;20070528
148,8;148,8;20070529
148,8;145,8;20070530
145,8;145,8;20070531
145,8;144;20070601
144;147;20070604
147;142,8;20070605
142,8;137,4;20070606
137,4;133,2;20070608
133,2;132,6;20070611
132,6;135;20070612
135;133,2;20070613
133,2;136,8;20070614
136,8;136,8;20070615
136,8;135;20070618
135;131,4;20070619
131,4;133,8;20070620
133,8;132,6;20070621
132,6;133,2;20070622
133,2;133,2;20070625
133,2;133,2;20070626
133,2;133,2;20070627
133,2;133,2;20070628
133,2;132;20070629
132;127,2;20070702
127,2;129;20070703
129;131,4;20070704
131,4;127,2;20070705
127,2;130,2;20070706
130,2;129;20070709
129;129,6;20070710
129,6;131,4;20070711
131,4;131,4;20070712
131,4;131,4;20070713
131,4;129;20070716
129;131,4;20070717
131,4;127,8;20070718
127,8;128,4;20070719
128,4;127,8;20070720
127,8;130,2;20070723
130,2;127,2;20070724
127,2;130,2;20070725
130,2;131,4;20070726
131,4;131,4;20070727
131,4;127,8;20070730
127,8;128,4;20070731
128,4;129,6;20070801
129,6;129,6;20070802
129,6;129;20070803
129;120;20070806
120;119,4;20070807
119,4;122,4;20070808
122,4;119,4;20070809
119,4;115,2;20070810
115,2;122,4;20070813
122,4;120,6;20070814
120,6;109,2;20070816
109,2;115,8;20070817
115,8;112,8;20070820
112,8;108,6;20070821
108,6;114;20070822
114;115,2;20070823
115,2;118,8;20070824
118,8;118,2;20070827
118,2;114,6;20070828
114,6;114;20070829
114;114;20070830
114;114;20070831
114;115,8;20070903
115,8;116,4;20070904
116,4;115,8;20070905
115,8;117;20070906
117;115,8;20070907
115,8;115,8;20070910
115,8;115,2;20070911
115,2;109,2;20070912
109,2;111,6;20070913
111,6;110,4;20070914
110,4;110,4;20070917
110,4;115,8;20070918
115,8;117;20070919
117;114,6;20070920
114,6;112,8;20070921
112,8;112,8;20070924
112,8;112,8;20070925
112,8;114;20070926
114;112,2;20070927
112,2;115,2;20070928
115,2;112,2;20071001
112,2;112,2;20071002
112,2;114;20071003
114;111,6;20071004
111,6;111,6;20071005
111,6;115,8;20071008
115,8;115,2;20071009
115,2;117;20071010
117;116,4;20071011
116,4;115,8;20071012
115,8;114,6;20071015
114,6;114;20071016
114;114;20071017
114;113,4;20071018
113,4;114;20071019
114;112,8;20071022
112,8;111;20071023
111;114;20071024
114;111;20071025
111;114,6;20071026
114,6;111;20071029
111;125,4;20071030
125,4;117,6;20071031
117,6;119,4;20071102
119,4;118,2;20071105
118,2;114,6;20071106
114,6;116,4;20071107
116,4;115,8;20071108
115,8;115,8;20071109
115,8;111,6;20071112
111,6;109,8;20071113
109,8;114;20071114
114;109,8;20071115
109,8;124,8;20071116
124,8;119,4;20071119
119,4;115,2;20071120
115,2;112,2;20071121
112,2;115,2;20071122
115,2;120;20071123
120;118,8;20071126
118,8;120;20071127
120;122,4;20071128
122,4;117,6;20071129
117,6;129;20071130
129;129;20071203
129;129,6;20071204
129,6;128,4;20071205
128,4;126,6;20071206
126,6;130,8;20071207
130,8;144;20071210
144;151,2;20071211
151,2;159;20071212
159;159;20071213
159;153;20071214
153;161,4;20071217
161,4;165,6;20071218
165,6;153;20071219
153;156;20071220
156;142,2;20071221
142,2;144;20071227
144;136,2;20071228
136,2;139,2;20080102
139,2;141,6;20080103
141,6;136,8;20080104
136,8;135,6;20080107
135,6;138;20080108
138;135,6;20080109
135,6;131,4;20080110
131,4;133,2;20080111
133,2;129,6;20080114
129,6;132;20080115
132;128,4;20080116
128,4;130,2;20080117
130,2;138;20080118
138;131,4;20080121
131,4;131,4;20080122
131,4;131,4;20080123
131,4;134,4;20080124
134,4;130,8;20080125
130,8;130,8;20080128
130,8;137,4;20080129
137,4;134,4;20080130
134,4;138,6;20080131
138,6;134,4;20080201
134,4;132;20080204
132;127,2;20080205
127,2;130,8;20080206
130,8;125,4;20080207
125,4;136,2;20080208
136,2;154,8;20080211
154,8;150;20080212
150;150;20080213
150;142,8;20080214
142,8;139,2;20080215
139,2;148,8;20080218
148,8;144;20080219
144;141,6;20080220
141,6;141,6;20080221
141,6;152,4;20080222
152,4;159;20080225
159;154,8;20080226
154,8;165,6;20080227
165,6;178,8;20080228
178,8;188,4;20080229
188,4;193,2;20080303
193,2;196,2;20080304
196,2;181,2;20080305
181,2;161,4;20080306
161,4;165;20080307
165;159,6;20080310
159,6;157,8;20080311
157,8;167,4;20080312
167,4;156,6;20080313
156,6;147;20080314
147;142,8;20080317
142,8;145,8;20080318
145,8;151,8;20080319
151,8;144;20080320
144;149,4;20080325
149,4;142,8;20080326
142,8;147;20080327
147;146,4;20080328
146,4;147;20080331
147;148,8;20080401
148,8;145,2;20080402
145,2;142,2;20080403
142,2;143,4;20080404
143,4;143,4;20080407
143,4;141;20080408
141;142,2;20080409
142,2;135,6;20080410
135,6;136,8;20080411
136,8;129,6;20080414
129,6;179,4;20080415
179,4;153,6;20080416
153,6;142,2;20080417
142,2;153,6;20080418
153,6;152,4;20080421
152,4;150,6;20080422
150,6;146,4;20080423
146,4;147,6;20080424
147,6;145,2;20080425
145,2;147;20080428
147;138;20080429
138;138,6;20080430
138,6;138;20080505
138;137,4;20080506
137,4;139,2;20080507
139,2;141,6;20080508
141,6;144,6;20080509
144,6;145,2;20080512
145,2;144,6;20080513
144,6;149,4;20080514
149,4;148,8;20080515
148,8;147;20080516
147;146,4;20080519
146,4;139,8;20080520
139,8;143,4;20080521
143,4;147;20080523
147;147;20080526
147;141;20080527
141;132,6;20080528
132,6;132;20080529
132;135;20080530
135;132,6;20080602
132,6;134,4;20080603
134,4;128,4;20080604
128,4;120,6;20080605
120,6;121,2;20080606
121,2;118,8;20080609
118,8;111;20080610
111;106,8;20080611
106,8;107,4;20080612
107,4;106,2;20080613
106,2;90;20080616
90;92,4;20080617
92,4;91,8;20080618
91,8;89,4;20080619
89,4;88,2;20080620
88,2;87;20080623
87;81,6;20080624
81,6;75;20080625
75;73,2;20080626
73,2;76,2;20080627
76,2;76,8;20080630
76,8;75;20080701
75;76,8;20080702
76,8;75;20080703
75;73,2;20080704
73,2;69,6;20080707
69,6;71,4;20080708
71,4;69;20080709
69;70,8;20080710
70,8;69;20080711
69;70,2;20080714
70,2;61,8;20080715
61,8;62,4;20080716
62,4;64,8;20080717
64,8;67,2;20080718
67,2;66,6;20080721
66,6;69;20080722
69;67,8;20080723
67,8;65,4;20080724
65,4;65,4;20080725
65,4;66,6;20080728
66,6;67,2;20080729
67,2;70,2;20080730
70,2;73,8;20080731
73,8;78,6;20080801
78,6;79,2;20080804
79,2;79,8;20080805
79,8;75,6;20080806
75,6;98,4;20080807
98,4;101,4;20080808
101,4;97,8;20080811
97,8;102;20080812
102;99,6;20080813
99,6;93,6;20080814
93,6;90,6;20080818
90,6;105;20080819
105;107,4;20080820
107,4;105,6;20080821
105,6;106,8;20080822
106,8;104,4;20080825
104,4;112,8;20080826
112,8;106,2;20080827
106,2;104,4;20080828
104,4;105;20080829
105;105;20080901
105;99,6;20080902
99,6;102,6;20080903
102,6;100,2;20080904
100,2;104,4;20080905
104,4;105;20080908
105;102;20080909
102;97,8;20080910
97,8;90;20080911
90;92,4;20080912
92,4;84;20080915
84;81;20080916
81;78;20080917
78;74,4;20080918
74,4;78;20080919
78;76,8;20080922
76,8;74,4;20080923
74,4;76,8;20080924
76,8;80,4;20080925
80,4;79,8;20080926
79,8;76,8;20080929
76,8;73,8;20080930
73,8;76,2;20081001
76,2;76,8;20081002
76,8;77,4;20081003
77,4;73,2;20081006
73,2;71,4;20081007
71,4;69,6;20081008
69,6;69;20081009
69;63;20081010
63;67,2;20081013
67,2;66,6;20081014
66,6;64,2;20081015
64,2;65,4;20081016
65,4;62,4;20081017
62,4;62,4;20081020
62,4;63,6;20081021
63,6;62,4;20081022
62,4;61,2;20081023
61,2;58,8;20081024
58,8;57;20081027
57;58,2;20081028
58,2;60;20081029
60;59,4;20081030
59,4;58,8;20081031
58,8;59,4;20081103
59,4;64,8;20081104
64,8;64,8;20081105
64,8;58,8;20081106
58,8;59,4;20081107
59,4;60,6;20081110
60,6;57,6;20081112
57,6;58,8;20081113
58,8;57,6;20081114
57,6;59,4;20081117
59,4;56,4;20081118
56,4;58,2;20081119
58,2;55,8;20081120
55,8;55,2;20081121
55,2;55,8;20081124
55,8;55,8;20081125
55,8;55,8;20081126
55,8;57;20081127
57;55,2;20081128
55,2;54;20081201
54;55,2;20081202
55,2;56,4;20081203
56,4;56,4;20081204
56,4;57;20081205
57;61,2;20081208
61,2;64,8;20081209
64,8;62,4;20081210
62,4;62,4;20081211
62,4;60;20081212
60;59,4;20081215
59,4;56,4;20081216
56,4;57;20081217
57;57,6;20081218
57,6;57,6;20081219
57,6;54;20081222
54;55,8;20081223
55,8;54;20081229
54;54,6;20081230
54,6;54;20081231
54;54,6;20090105
54,6;55,8;20090106
55,8;55,8;20090107
55,8;54;20090108
54;55,2;20090109
55,2;54;20090112
54;54;20090113
54;54,6;20090114
54,6;54;20090115
54;54,6;20090116
54,6;54,6;20090119
54,6;79,2;20090120
79,2;70,8;20090121
70,8;80,4;20090122
80,4;77,4;20090123
77,4;85,2;20090126
85,2;77,4;20090127
77,4;77,4;20090128
77,4;72;20090129
72;69,6;20090130
69,6;61,8;20090202
61,8;59,4;20090203
59,4;70,8;20090204
70,8;70,2;20090205
70,2;68,4;20090206
68,4;64,8;20090209
64,8;68,4;20090210
68,4;64,8;20090211
64,8;63,6;20090212
63,6;62,4;20090213
62,4;61,2;20090216
61,2;55,8;20090217
55,8;55,2;20090218
55,2;55,2;20090219
55,2;52,2;20090220
52,2;51;20090223
51;59,4;20090224
59,4;61,8;20090225
61,8;61,2;20090226
61,2;64,2;20090227
64,2;55,8;20090302
55,8;53,4;20090303
53,4;52,2;20090304
52,2;51;20090305
51;48;20090306
48;49,2;20090309
49,2;49,2;20090310
49,2;48,6;20090311
48,6;45,6;20090312
45,6;44,4;20090313
44,4;46,2;20090316
46,2;45,6;20090317
45,6;45,6;20090318
45,6;45,6;20090319
45,6;47,4;20090320
47,4;49,8;20090323
49,8;47,4;20090324
47,4;48;20090325
48;48,6;20090326
48,6;48,6;20090327
48,6;48;20090330
48;52,2;20090331
52,2;51;20090401
51;51,6;20090402
51,6;52,2;20090403
52,2;52,8;20090406
52,8;52,2;20090407
52,2;59,4;20090408
59,4;57;20090409
57;56,4;20090414
56,4;55,8;20090415
55,8;58,2;20090416
58,2;58,8;20090417
58,8;55,2;20090420
55,2;55,2;20090421
55,2;57,6;20090422
57,6;57,6;20090423
57,6;55,8;20090424
55,8;55,2;20090427
55,2;52,8;20090428
52,8;53,4;20090429
53,4;54,6;20090430
54,6;54,6;20090504
54,6;55,8;20090505
55,8;56,4;20090506
56,4;56,4;20090507
56,4;57;20090508
57;55,8;20090511
55,8;55,2;20090512
55,2;55,8;20090513
55,8;55,2;20090514
55,2;52,8;20090515
52,8;54;20090518
54;53,4;20090519
53,4;54;20090520
54;52,8;20090521
52,8;50,4;20090522
50,4;48,6;20090525
48,6;47,4;20090526
47,4;49,2;20090527
49,2;48,6;20090528
48,6;51,6;20090529
51,6;49,8;20090601
49,8;49,2;20090602
49,2;49,8;20090603
49,8;51;20090604
51;48,6;20090605
48,6;46,8;20090608
46,8;48;20090609
48;48,6;20090610
48,6;48;20090612
48;48;20090615
48;47,4;20090616
47,4;47,4;20090617
47,4;47,4;20090618
47,4;48,6;20090619
48,6;46,2;20090622
46,2;45,6;20090623
45,6;46,8;20090624
46,8;46,2;20090625
46,2;46,8;20090626
46,8;46,8;20090629
46,8;47,4;20090630
47,4;48;20090701
48;47,4;20090702
47,4;47,4;20090703
47,4;46,8;20090706
46,8;46,2;20090707
46,2;47,4;20090708
47,4;48;20090709
48;47,4;20090710
47,4;47,4;20090713
47,4;48;20090714
48;48;20090715
48;48;20090716
48;48;20090717
48;47,4;20090720
47,4;48;20090721
48;48;20090722
48;51;20090723
51;51;20090724
51;55,8;20090727
55,8;53,4;20090728
53,4;54;20090729
54;54,6;20090730
54,6;53,4;20090731
53,4;54;20090803
54;53,4;20090804
53,4;56,4;20090805
56,4;54;20090806
54;54,6;20090807
54,6;55,2;20090810
55,2;54,6;20090811
54,6;55,2;20090812
55,2;55,2;20090813
55,2;54;20090814
54;51,6;20090817
51,6;51,6;20090818
51,6;52,2;20090819
52,2;52,8;20090820
52,8;52,8;20090821
52,8;52,8;20090824
52,8;54;20090825
54;52,8;20090826
52,8;53,4;20090827
53,4;54,6;20090828
54,6;55,8;20090831
55,8;57;20090901
57;52,8;20090902
52,8;52,8;20090903
52,8;55,2;20090904
55,2;66,6;20090907
66,6;63,6;20090908
63,6;67,8;20090909
67,8;66;20090910
66;64,8;20090911
64,8;60,6;20090914
60,6;58,2;20090915
58,2;59,4;20090916
59,4;58,8;20090917
58,8;58,8;20090918
58,8;58,2;20090921
58,2;58,8;20090922
58,8;58,2;20090923
58,2;60;20090924
60;60,6;20090925
60,6;60,6;20090928
60,6;60;20090929
60;58,2;20090930
58,2;58,2;20091001
58,2;57;20091002
57;57,6;20091005
57,6;57,6;20091006
57,6;57,6;20091007
57,6;57;20091008
57;57;20091009
57;56,4;20091012
56,4;53,4;20091013
53,4;54,6;20091014
54,6;53,4;20091015
53,4;53,4;20091016
53,4;52,8;20091019
52,8;52,2;20091020
52,2;52,2;20091021
52,2;52,8;20091022
52,8;52,2;20091023
52,2;54,6;20091026
54,6;52,8;20091027
52,8;52,8;20091028
52,8;53,4;20091029
53,4;52,8;20091030
52,8;52,2;20091102
52,2;51,6;20091103
51,6;51,6;20091104
51,6;52,8;20091105
52,8;50,4;20091106
50,4;50,4;20091109
50,4;51;20091110
51;51,6;20091112
51,6;51;20091113
51;50,4;20091116
50,4;46,2;20091117
46,2;46,2;20091118
46,2;45,6;20091119
45,6;44,4;20091120
44,4;43,2;20091123
43,2;40,8;20091124
40,8;47,4;20091125
47,4;45,6;20091126
45,6;42,6;20091127
42,6;42;20091130
42;40,2;20091201
40,2;43,8;20091202
43,8;42;20091203
42;43,2;20091204
43,2;42,6;20091207
42,6;41,4;20091208
41,4;40,8;20091209
40,8;40,2;20091210
40,2;41,4;20091211
41,4;41,4;20091214
41,4;39;20091215
39;39,6;20091216
39,6;38,4;20091217
38,4;39,6;20091218
39,6;39;20091221
39;37,8;20091222
37,8;39,6;20091223
39,6;39,6;20091228
39,6;42;20091229
42;41,4;20091230
41,4;40,8;20091231
40,8;42;20100104
42;42;20100105
42;43,8;20100106
43,8;43,8;20100107
43,8;43,8;20100108
43,8;43,8;20100111
43,8;44,4;20100112
44,4;44,4;20100113
44,4;44,4;20100114
44,4;45;20100115
45;42,6;20100118
42,6;41,4;20100119
41,4;42;20100120
42;41,4;20100121
41,4;39,6;20100122
39,6;37,8;20100125
37,8;38,4;20100126
38,4;37,2;20100127
37,2;37,2;20100128
37,2;37,8;20100129
37,8;38,4;20100201
38,4;39;20100202
39;37,8;20100203
37,8;34,8;20100204
34,8;33,6;20100205
33,6;32,4;20100208
32,4;33,6;20100209
33,6;34,2;20100210
34,2;33,6;20100211
33,6;33;20100212
33;35,4;20100215
35,4;35,4;20100216
35,4;36;20100217
36;36;20100218
36;36;20100219
36;40,2;20100222
40,2;40,2;20100223
40,2;40,8;20100224
40,8;40,8;20100225
40,8;39,6;20100226
39,6;40,8;20100301
40,8;41,4;20100302
41,4;41,4;20100303
41,4;42,6;20100304
42,6;42;20100305
42;42;20100308
42;43,8;20100309
43,8;47,4;20100310
47,4;47,4;20100311
47,4;48;20100312
48;47,4;20100315
47,4;47,4;20100316
47,4;46,8;20100317
46,8;46,8;20100318
46,8;46,8;20100319
46,8;45;20100322
45;45,6;20100323
45,6;43,8;20100324
43,8;43,2;20100325
43,2;44,4;20100326
44,4;44,4;20100329
44,4;44,4;20100330
44,4;45,6;20100331
45,6;48,6;20100401
48,6;50,4;20100406
50,4;52,8;20100407
52,8;52,8;20100408
52,8;55,2;20100409
55,2;59,4;20100412
59,4;56,4;20100413
56,4;57;20100414
57;57;20100415
57;56,4;20100416
56,4;54,6;20100419
54,6;58,8;20100420
58,8;58,2;20100421
58,2;55,8;20100422
55,8;56,4;20100423
56,4;56,4;20100426
56,4;57;20100427
57;56,4;20100428
56,4;55,8;20100429
55,8;56,4;20100430
56,4;55,2;20100504
55,2;54;20100505
54;55,2;20100506
55,2;53,4;20100507
53,4;55,2;20100510
55,2;54,6;20100511
54,6;55,8;20100512
55,8;56,4;20100513
56,4;55,8;20100514
55,8;54,6;20100517
54,6;53,4;20100518
53,4;51,6;20100519
51,6;46,8;20100520
46,8;48;20100521
48;49,8;20100524
49,8;48;20100525
48;49,8;20100526
49,8;51;20100527
51;50,4;20100528
50,4;51,6;20100531
51,6;51;20100601
51;51,6;20100602
51,6;51,6;20100604
51,6;52,2;20100607
52,2;52,2;20100608
52,2;55,2;20100609
55,2;56,4;20100610
56,4;54;20100611
54;55,2;20100614
55,2;52,8;20100615
52,8;53,4;20100616
53,4;51,6;20100617
51,6;51,6;20100618
51,6;52,8;20100621
52,8;52,2;20100622
52,2;51;20100623
51;49,2;20100624
49,2;50,4;20100625
50,4;50,4;20100628
50,4;49,2;20100629
49,2;49,8;20100630
49,8;50,4;20100701
50,4;50,4;20100702
50,4;51;20100705
51;51;20100706
51;51;20100707
51;51;20100708
51;51,6;20100709
51,6;51;20100712
51;51,6;20100713
51,6;51;20100714
51;50,4;20100715
50,4;49,8;20100716
49,8;51;20100719
51;51;20100720
51;51,6;20100721
51,6;51;20100722
51;51;20100723
51;51,6;20100726
51,6;50,4;20100727
50,4;51,6;20100728
51,6;51;20100729
51;52,8;20100730
52,8;55,2;20100802
55,2;55,2;20100803
55,2;54;20100804
54;54,6;20100805
54,6;55,8;20100806
55,8;57;20100809
57;57,6;20100810
57,6;58,2;20100811
58,2;59,4;20100812
59,4;59,4;20100813
59,4;58,8;20100816
58,8;58,2;20100817
58,2;59,4;20100818
59,4;59,4;20100819
59,4;60,6;20100820
60,6;64,8;20100823
64,8;61,8;20100824
61,8;60,6;20100825
60,6;61,8;20100826
61,8;61,8;20100827
61,8;61,8;20100830
61,8;62,4;20100831
62,4;62,4;20100901
62,4;63,6;20100902
63,6;64,2;20100903
64,2;66,6;20100906
66,6;67,8;20100907
67,8;66;20100908
66;66;20100909
66;66;20100910
66;66;20100913
66;65,4;20100914
65,4;66;20100915
66;65,4;20100916
65,4;66,6;20100917
66,6;66,6;20100920
66,6;66,6;20100921
66,6;66,6;20100922
66,6;66;20100923
66;64,8;20100924
64,8;66;20100927
66;66;20100928
66;66;20100929
66;66,6;20100930
66,6;71,4;20101001
71,4;72,6;20101004
72,6;72;20101005
72;72;20101006
72;72,6;20101007
72,6;73,2;20101008
73,2;75;20101011
75;74,4;20101012
74,4;70,8;20101013
70,8;72;20101014
72;72,6;20101015
72,6;72;20101018
72;71,4;20101019
71,4;72;20101020
72;70,8;20101021
70,8;69,6;20101022
69,6;69;20101025
69;68,4;20101026
68,4;67,2;20101027
67,2;66,6;20101028
66,6;69;20101029
69;69,6;20101102
69,6;70,8;20101103
70,8;68,4;20101104
68,4;69;20101105
69;70,2;20101108
70,2;73,2;20101109
73,2;72;20101110
72;71,4;20101112
71,4;70,2;20101115
70,2;67,2;20101116
67,2;64,8;20101117
64,8;66;20101118
66;66,6;20101119
66,6;66;20101122
66;63,6;20101123
63,6;63;20101124
63;65,4;20101125
65,4;65,4;20101126
65,4;63;20101129
63;63;20101130
63;64,2;20101201
64,2;67,2;20101202
67,2;66,6;20101203
66,6;66;20101206
66;66;20101207
66;64,8;20101208
64,8;66;20101209
66;63;20101210
63;62,4;20101213
62,4;63;20101214
63;63;20101215
63;63;20101216
63;63,6;20101217
63,6;63;20101220
63;62,4;20101221
62,4;63;20101222
63;62,4;20101223
62,4;61,8;20101227
61,8;60,6;20101228
60,6;60;20101229
60;60;20101230
60;62,4;20101231
62,4;62,4;20110103
62,4;60,6;20110104
60,6;61,8;20110105
61,8;61,2;20110107
61,2;61,8;20110110
61,8;63;20110111
63;66;20110112
66;66,6;20110113
66,6;67,2;20110114
67,2;67,2;20110117
67,2;67,8;20110118
67,8;67,8;20110119
67,8;66;20110120
66;64,2;20110121
64,2;64,2;20110124
64,2;64,8;20110125
64,8;65,4;20110126
65,4;66;20110127
66;66;20110128
66;66;20110131
66;64,8;20110201
64,8;63,6;20110202
63,6;64,8;20110203
64,8;64,2;20110204
64,2;63,6;20110207
63,6;63;20110208
63;63;20110209
63;63,6;20110210
63,6;62,4;20110211
62,4;63,6;20110214
63,6;64,8;20110215
64,8;66;20110216
66;63,6;20110217
63,6;63;20110218
63;64,2;20110221
64,2;64,8;20110222
64,8;65,4;20110223
65,4;64,8;20110224
64,8;63,6;20110225
63,6;63,6;20110228
63,6;62,4;20110301
62,4;63,6;20110302
63,6;61,8;20110303
61,8;64,8;20110304
64,8;64,8;20110307
64,8;65,4;20110308
65,4;64,8;20110309
64,8;63,6;20110310
63,6;63;20110311
63;63;20110314
63;61,2;20110315
61,2;63;20110316
63;63,6;20110317
63,6;63;20110318
63;65,4;20110321
65,4;69,6;20110322
69,6;73,2;20110323
73,2;73,2;20110324
73,2;75,6;20110325
75,6;76,2;20110328
76,2;74,4;20110329
74,4;72,6;20110330
72,6;74,4;20110331
74,4;75;20110401
75;72;20110404
72;72;20110405
72;72;20110406
72;72,6;20110407
72,6;72;20110408
72;70,2;20110411
70,2;72;20110412
72;72,6;20110413
72,6;70,8;20110414
70,8;70,8;20110415
70,8;70,8;20110418
70,8;72;20110419
72;75;20110420
75;76,2;20110421
76,2;75;20110426
75;75,6;20110427
75,6;84;20110428
84;83,4;20110429
83,4;82,8;20110502
82,8;79,2;20110504
79,2;80,4;20110505
80,4;79,2;20110506
79,2;78;20110509
78;80,4;20110510
80,4;79,8;20110511
79,8;79,2;20110512
79,2;83,4;20110513
83,4;84;20110516
84;76,8;20110517
76,8;74,4;20110518
74,4;74,4;20110519
74,4;73,2;20110520
73,2;70,2;20110523
70,2;70,8;20110524
70,8;71,4;20110525
71,4;71,4;20110526
71,4;71,4;20110527
71,4;72;20110530
72;72,6;20110531
72,6;70,8;20110601
70,8;70,8;20110602
70,8;69,6;20110603
69,6;68,4;20110606
68,4;69;20110607
69;69,6;20110608
69,6;69,6;20110609
69,6;70,2;20110610
70,2;69;20110613
69;69,6;20110614
69,6;69;20110615
69;68,4;20110616
68,4;67,8;20110617
67,8;65,4;20110620
65,4;66,6;20110621
66,6;64,8;20110622
64,8;63,6;20110624
63,6;61,8;20110627
61,8;64,8;20110628
64,8;63;20110629
63;61,8;20110630
61,8;63;20110701
63;61,2;20110704
61,2;63;20110705
63;63;20110706
63;63,6;20110707
63,6;62,4;20110708
62,4;62,4;20110711
62,4;61,2;20110712
61,2;61,2;20110713
61,2;60;20110714
60;59,4;20110715
59,4;54;20110718
54;53,4;20110719
53,4;54;20110720
54;57;20110721
57;57;20110722
57;56,4;20110725
56,4;55,2;20110726
55,2;54;20110727
54;54,6;20110728
54,6;54,6;20110729
54,6;54,6;20110801
54,6;52,8;20110802
52,8;49,8;20110803
49,8;48;20110804
48;48,6;20110805
48,6;48,6;20110808
48,6;44,4;20110809
44,4;46,2;20110810
46,2;45;20110811
45;49,2;20110812
49,2;46,8;20110816
46,8;48,6;20110817
48,6;42;20110818
42;44,4;20110819
44,4;46,8;20110822
46,8;47,4;20110823
47,4;46,2;20110824
46,2;46,2;20110825
46,2;46,2;20110826
46,2;46,2;20110829
46,2;45,6;20110830
45,6;43,8;20110831
43,8;42,6;20110901
42,6;43,2;20110902
43,2;42,6;20110905
42,6;42;20110906
42;42;20110907
42;42;20110908
42;42;20110909
42;40,2;20110912
40,2;39;20110913
39;38,4;20110914
38,4;40,2;20110915
40,2;41,4;20110916
41,4;40,2;20110919
40,2;41,4;20110920
41,4;40,8;20110921
40,8;39;20110922
39;37,8;20110923
37,8;37,8;20110926
37,8;37,8;20110927
37,8;39,6;20110928
39,6;37,8;20110929
37,8;36,6;20110930
36,6;37,2;20111003
37,2;36,6;20111004
36,6;37,2;20111005
37,2;40,2;20111006
40,2;38,4;20111007
38,4;39;20111010
39;39,6;20111011
39,6;39;20111012
39;36,6;20111013
36,6;37,2;20111014
37,2;37,2;20111017
37,2;37,2;20111018
37,2;37,2;20111019
37,2;36;20111020
36;36,6;20111021
36,6;37,8;20111024
37,8;37,2;20111025
37,2;37,2;20111026
37,2;38,4;20111027
38,4;37,8;20111028
37,8;41,4;20111031
41,4;41,4;20111102
41,4;42,6;20111103
42,6;43,2;20111104
43,2;42,6;20111107
42,6;40,8;20111108
40,8;38,4;20111109
38,4;38,4;20111110
38,4;39,6;20111114
39,6;37,2;20111115
37,2;37,8;20111116
37,8;37,8;20111117
37,8;37,8;20111118
37,8;37,8;20111121
37,8;37,2;20111122
37,2;37,2;20111123
37,2;36;20111124
36;36;20111125
36;36;20111128
36;36;20111129
36;37,2;20111130
37,2;36,6;20111201
36,6;36,6;20111202
36,6;36,6;20111205
36,6;35,4;20111206
35,4;35,4;20111207
35,4;35,4;20111208
35,4;34,8;20111209
34,8;33,6;20111212
33,6;33,6;20111213
33,6;33;20111214
33;33;20111215
33;31,8;20111216
31,8;31,2;20111219
31,2;30,6;20111220
30,6;30,6;20111221
30,6;30,6;20111222
30,6;30;20111223
30;30,6;20111227
30,6;30;20111228
30;31,2;20111229
31,2;32,4;20111230
32,4;32,4;20120102
32,4;33;20120103
33;33;20120104
33;34,2;20120105
34,2;35,4;20120109
35,4;35,4;20120110
35,4;34,8;20120111
34,8;34,2;20120112
34,2;33;20120113
33;33;20120116
33;33,6;20120117
33,6;33;20120118
33;33;20120119
33;33;20120120
33;33,6;20120123
33,6;34,8;20120124
34,8;34,2;20120125
34,2;34,8;20120126
34,8;35,4;20120127
35,4;33,6;20120130
33,6;33,6;20120131
33,6;34,8;20120201
34,8;36,6;20120202
36,6;39;20120203
39;38,4;20120206
38,4;38,4;20120207
38,4;39;20120208
39;40,2;20120209
40,2;39,6;20120210
39,6;39,6;20120213
39,6;40,8;20120214
40,8;40,2;20120215
40,2;39,6;20120216
39,6;40,8;20120217
40,8;40,2;20120220
40,2;39,6;20120221
39,6;39;20120222
39;38,4;20120223
38,4;37,8;20120224
37,8;37,2;20120227
37,2;36;20120228
36;36;20120229
36;35,4;20120301
35,4;36,6;20120302
36,6;36;20120305
36;34,8;20120306
34,8;36,6;20120307
36,6;36;20120308
36;35,4;20120309
35,4;36;20120312
36;35,4;20120313
35,4;35,4;20120314
35,4;34,8;20120315
34,8;35,4;20120316
35,4;33,6;20120319
33,6;33,6;20120320
33,6;33;20120321
33;33;20120322
33;33;20120323
33;33;20120326
33;33,6;20120327
33,6;33;20120328
33;32,4;20120329
32,4;33;20120330
33;33;20120402
33;33;20120403
33;33,6;20120404
33,6;33;20120405
33;33,6;20120410
33,6;34,8;20120411
34,8;33;20120412
33;32,4;20120413
32,4;33;20120416
33;33;20120417
33;33;20120418
33;32,4;20120419
32,4;33;20120420
33;29,4;20120423
29,4;30;20120424
30;30;20120425
30;28,2;20120426
28,2;27,6;20120427
27,6;27;20120430
27;27;20120502
27;28,2;20120504
28,2;27;20120507
27;27,6;20120508
27,6;30;20120509
30;29,4;20120510
29,4;28,8;20120511
28,8;27;20120514
27;24,6;20120515
24,6;23,4;20120516
23,4;21,6;20120517
21,6;22,2;20120518
22,2;22,2;20120521
22,2;23,4;20120522
23,4;22,2;20120523
22,2;21,6;20120524
21,6;21;20120525
21;21,6;20120528
21,6;21,6;20120529
21,6;22,8;20120530
22,8;22,8;20120531
22,8;19,8;20120601
19,8;21;20120604
21;21,6;20120605
21,6;22,2;20120606
22,2;22,8;20120608
22,8;22,8;20120611
22,8;23,4;20120612
23,4;22,8;20120613
22,8;23,4;20120614
23,4;22,8;20120615
22,8;22,8;20120618
22,8;22,2;20120619
22,2;22,8;20120620
22,8;22,2;20120621
22,2;22,2;20120622
22,2;22,2;20120625
22,2;22,2;20120626
22,2;22,2;20120627
22,2;22,2;20120628
22,2;22,2;20120629
22,2;22,8;20120702
22,8;21;20120703
21;20,4;20120704
20,4;19,8;20120705
19,8;19,8;20120706
19,8;19,8;20120709
19,8;19,2;20120710
19,2;19,2;20120711
19,2;18,6;20120712
18,6;18;20120713
18;18;20120716
18;18;20120717
18;18;20120718
18;18;20120719
18;18,6;20120720
18,6;18,6;20120723
18,6;18;20120724
18;17,4;20120725
17,4;17,4;20120726
17,4;18;20120727
18;17,4;20120730
17,4;16,8;20120731
16,8;16,8;20120801
16,8;16,8;20120802
16,8;17,4;20120803
17,4;17,4;20120806
17,4;17,4;20120807
17,4;16,8;20120808
16,8;17,4;20120809
17,4;17,4;20120810
17,4;17,4;20120813
17,4;16,8;20120814
16,8;16,2;20120816
16,2;15,6;20120817
15,6;15,6;20120820
15,6;17,4;20120821
17,4;17,4;20120822
17,4;16,8;20120823
16,8;18;20120824
18;18;20120827
18;18;20120828
18;16,8;20120829
16,8;18;20120830
18;18;20120831
18;18;20120903
18;17,4;20120904
17,4;17,4;20120905
17,4;17,4;20120906
17,4;18;20120907
18;17,4;20120910
17,4;17,4;20120911
17,4;17,4;20120912
17,4;17,4;20120913
17,4;17,4;20120914
17,4;17,4;20120917
17,4;17,4;20120918
17,4;16,8;20120919
16,8;16,8;20120920
16,8;16,8;20120921
16,8;16,2;20120924
16,2;16,8;20120925
16,8;17,4;20120926
17,4;17,4;20120927
17,4;17,4;20120928
17,4;17,4;20121001
17,4;16,8;20121002
16,8;18;20121003
18;18;20121004
18;19,2;20121005
19,2;20,4;20121008
20,4;20,4;20121009
20,4;20,4;20121010
20,4;20,4;20121011
20,4;20,4;20121012
20,4;20,4;20121015
20,4;18,6;20121016
18,6;18;20121017
18;18,6;20121018
18,6;18,6;20121019
18,6;18;20121022
18;17,4;20121023
17,4;17,4;20121024
17,4;17,4;20121025
17,4;16,8;20121026
16,8;17,4;20121029
17,4;17,4;20121030
17,4;16,8;20121031
16,8;17,4;20121102
17,4;18;20121105
18;18,6;20121106
18,6;18;20121107
18;18;20121108
18;18;20121109
18;18;20121112
18;18;20121113
18;18;20121114
18;16,2;20121115
16,2;17,4;20121116
17,4;17,4;20121119
17,4;16,8;20121120
16,8;17,4;20121121
17,4;16,8;20121122
16,8;17,4;20121123
17,4;17,4;20121126
17,4;16,8;20121127
16,8;16,8;20121128
16,8;16,8;20121129
16,8;17,4;20121130
17,4;17,4;20121203
17,4;18;20121204
18;18,6;20121205
18,6;19,2;20121206
19,2;23,4;20121207
23,4;21,6;20121210
21,6;19,8;20121211
19,8;18,6;20121212
18,6;19,2;20121213
19,2;17,4;20121214
17,4;17,4;20121217
17,4;16,8;20121218
16,8;12,6;20121219
12,6;13,2;20121220
13,2;13,8;20121221
13,8;13,2;20121227
13,2;12;20121228
12;12,6;20130102
12,6;13,2;20130103
13,2;12;20130104
12;11,4;20130107
11,4;10,8;20130108
10,8;10,2;20130109
10,2;10,2;20130110
10,2;10,8;20130111
10,8;10,2;20130114
10,2;10,8;20130115
10,8;10,8;20130116
10,8;11,4;20130117
11,4;11,4;20130118
11,4;11,4;20130121
11,4;10,8;20130122
10,8;10,2;20130123
10,2;10,2;20130124
10,2;10,8;20130125
10,8;10,2;20130128
10,2;10,8;20130129
10,8;9,6;20130130
9,6;9,6;20130131
9,6;9,6;20130201
9,6;10,2;20130204
10,2;9,6;20130205
9,6;9,6;20130206
9,6;9,6;20130207
9,6;9,6;20130208
9,6;9;20130211
9;9;20130212
9;9,6;20130213
9,6;9;20130214
9;9;20130215
9;9;20130218
9;9,6;20130219
9,6;9,6;20130220
9,6;9;20130221
9;9,6;20130222
9,6;9;20130225
9;9;20130226
9;9;20130227
9;9;20130228
9;9;20130301
9;9;20130304
9;8,4;20130305
8,4;8,4;20130306
8,4;9;20130307
9;9;20130308
9;9;20130311
9;8,4;20130312
8,4;8,4;20130313
8,4;8,4;20130314
8,4;8,4;20130315
8,4;8,4;20130318
8,4;8,4;20130319
8,4;7,8;20130320
7,8;7,8;20130321
7,8;8,4;20130322
8,4;7,8;20130325
7,8;7,8;20130326
7,8;7,8;20130327
7,8;7,8;20130328
7,8;7,8;20130402
7,8;7,8;20130403
7,8;8,4;20130404
8,4;8,4;20130405
8,4;8,4;20130408
8,4;7,8;20130409
7,8;7,8;20130410
7,8;7,8;20130411
7,8;7,2;20130412
7,2;6,6;20130415
6,6;6,6;20130417
6,6;6,6;20130418
6,6;6;20130419
6;5,4;20130422
5,4;5,4;20130423
5,4;5,4;20130424
5,4;5,4;20130425
5,4;6;20130426
6;6,6;20130429
6,6;6;20130430
6;6,6;20130502
6,6;6,6;20130506
6,6;6,6;20130507
6,6;6;20130508
6;6;20130509
6;6;20130510
6;6;20130513
6;6,6;20130514
6,6;6,6;20130515
6,6;6,6;20130516
6,6;6,6;20130517
6,6;6;20130520
6;6;20130521
6;6;20130522
6;6;20130523
6;6;20130524
6;6;20130527
6;6;20130528
6;6;20130529
6;6;20130531
6;6;20130603
6;6;20130604
6;6;20130605
6;6;20130606
6;6;20130607
6;6;20130610
6;6;20130611
6;6;20130612
6;6;20130613
6;5,4;20130614
5,4;5,4;20130617
5,4;5,4;20130618
5,4;6;20130619
6;5,4;20130620
5,4;5,4;20130621
5,4;5,4;20130624
5,4;4,8;20130625
4,8;4,8;20130626
4,8;5,4;20130627
5,4;5,4;20130628
5,4;4,8;20130701
4,8;5,4;20130702
5,4;5,4;20130703
5,4;5,4;20130704
5,4;5,4;20130705
5,4;5,4;20130708
5,4;5,4;20130709
5,4;4,8;20130710
4,8;4,8;20130711
4,8;4,8;20130712
4,8;4,8;20130715
4,8;4,8;20130716
4,8;4,8;20130717
4,8;5,4;20130718
5,4;4,8;20130719
4,8;5,4;20130722
5,4;5,4;20130723
5,4;5,4;20130724
5,4;4,8;20130725
4,8;4,8;20130726
4,8;4,2;20130729
4,2;4,8;20130730
4,8;4,8;20130731
4,8;4,8;20130801
4,8;4,8;20130802
4,8;4,8;20130805
4,8;4,8;20130806
4,8;4,8;20130807
4,8;4,8;20130808
4,8;4,8;20130809
4,8;5,4;20130812
5,4;5,4;20130813
5,4;5,4;20130814
5,4;4,8;20130816
4,8;5,4;20130819
5,4;5,4;20130820
5,4;5,4;20130821
5,4;5,4;20130822
5,4;5,4;20130823
5,4;5,4;20130826
5,4;5,4;20130827
5,4;5,4;20130828
5,4;5,4;20130829
5,4;5,4;20130830
5,4;4,8;20130902
4,8;4,8;20130903
4,8;4,8;20130904
4,8;4,2;20130905
4,2;4,2;20130906
4,2;4,8;20130909
4,8;4,8;20130910
4,8;4,8;20130911
4,8;4,8;20130912
4,8;4,8;20130913
4,8;4,8;20130916
4,8;5,4;20130917
5,4;5,4;20130918
5,4;6;20130919
6;6;20130920
6;5,4;20130923
5,4;5,4;20130924
5,4;5,4;20130925
5,4;5,4;20130926
5,4;5,4;20130927
5,4;5,4;20130930
5,4;5,4;20131001
5,4;6;20131002
6;5,4;20131003
5,4;6;20131004
6;6;20131007
6;6;20131008
6;6;20131009
6;6;20131010
6;6;20131011
6;6;20131014
6;6,6;20131015
6,6;6,6;20131016
6,6;6,6;20131017
6,6;7,2;20131018
7,2;6,6;20131021
6,6;6,6;20131022
6,6;6;20131023
6;6,6;20131024
6,6;6;20131025
6;6;20131028
6;6;20131029
6;6;20131030
6;6;20131031
6;5,2;20131129
5,2;5,5;20131202
5,5;5,4;20131203
5,4;5,2;20131204
5,2;5,1;20131205
5,1;5;20131206
5;4,7;20131209
4,7;4,7;20131210
4,7;4,5;20131211
4,5;4,4;20131212
4,4;4,4;20131213
4,4;4,4;20131216
4,4;4,2;20131217
4,2;4,1;20131218
4,1;4,1;20131219
4,1;4,2;20131220
4,2;4,1;20131223
4,1;4;20131227
4;4,2;20131230
4,2;4,4;20140102
4,4;4,2;20140103
4,2;4,2;20140107
4,2;4,2;20140108
4,2;4,3;20140109
4,3;4,3;20140110
4,3;4,7;20140113
4,7;4,7;20140114
4,7;4,4;20140115
4,4;4,3;20140116
4,3;3,9;20140117
3,9;3,9;20140120
3,9;4;20140121
4;3,9;20140122
3,9;3,9;20140123
3,9;3,9;20140124
3,9;3,8;20140127
3,8;3,9;20140128
3,9;3,9;20140129
3,9;4,1;20140130
4,1;4,1;20140131
4,1;4,1;20140203
4,1;4;20140204
4;4,1;20140205
4,1;4,1;20140206
4,1;4,4;20140207
4,4;4,2;20140210
4,2;3,6;20140211
3,6;3,7;20140212
3,7;3,5;20140213
3,5;3,6;20140214
3,6;3,7;20140217
3,7;3,9;20140218
3,9;3,8;20140219
3,8;3,7;20140220
3,7;3,7;20140221
3,7;3,8;20140224
3,8;3,7;20140225
3,7;3,6;20140226
3,6;3,7;20140227
3,7;3,8;20140228
3,8;3,7;20140303
3,7;3,6;20140304
3,6;3,6;20140305
3,6;3,6;20140306
3,6;3,6;20140307
3,6;3,6;20140310
3,6;3,5;20140311
3,5;3,6;20140312
3,6;3,4;20140313
3,4;3,5;20140314
3,5;3,6;20140317
3,6;3,6;20140318
3,6;3,4;20140319
3,4;3,4;20140320
3,4;3,7;20140321
3,7;3,71;20140422
3,71;3,54;20140423
3,54;3,5;20140424
3,5;3,5;20140425
3,5;3,41;20140428
3,41;3,2;20140429
3,2;3,32;20140430
3,32;3,33;20140502
3,33;3,4;20140505
3,4;3,4;20140506
3,4;3,26;20140507
3,26;3,3;20140508
3,3;3,27;20140509
3,27;3,09;20140512
3,09;3,08;20140513
3,08;3,05;20140514
3,05;3;20140515
3;3;20140516
3;3;20140519
3;2,98;20140520
2,98;2,88;20140521
2,88;3;20140522
3;3,03;20140523
3,03;3,05;20140526
3,05;3,05;20140527
3,05;3,1;20140528
3,1;3,2;20140529
3,2;3,29;20140530
3,29;3,29;20140602
3,29;3,38;20140603
3,38;3,41;20140604
3,41;3,47;20140605
3,47;3,58;20140606
3,58;3,58;20140609
3,58;3,57;20140610
3,57;3,58;20140611
3,58;3,58;20140612
3,58;3,5;20140613
3,5;3,54;20140616
3,54;3,54;20140617
3,54;3,54;20140618
3,54;3,47;20140620
3,47;3,39;20140623
3,39;3,3;20140624
3,3;3,3;20140625
3,3;3,3;20140626
3,3;3,23;20140627
3,23;3,1;20140630
3,1;3,16;20140701
3,16;2,21;20140702
2,21;2,27;20140703
2,27;2,35;20140704
2,35;2,39;20140707
2,39;2,45;20140708
2,45;2,48;20140709
2,48;2,51;20140710
2,51;2,51;20140711
2,51;2,5;20140714
2,5;2,57;20140715
2,57;2,55;20140716
2,55;2,47;20140717
2,47;2,49;20140718
2,49;2,5;20140721
2,5;2,47;20140722
2,47;2,35;20140723
2,35;2,4;20140724
2,4;2,3;20140725
2,3;2,33;20140728
2,33;2,35;20140729
2,35;2,29;20140730
2,29;2,29;20140731
2,29;2,29;20140801
2,29;2,3;20140804
2,3;2,37;20140805
2,37;2,25;20140806
2,25;2,21;20140807
2,21;2,2;20140808
2,2;2,15;20140811
2,15;2,14;20140812
2,14;2,18;20140813
2,18;2,2;20140814
2,2;2,21;20140818
2,21;2,22;20140819
2,22;2,22;20140820
2,22;2,24;20140821
2,24;2,2;20140822
2,2;2,11;20140825
2,11;2,14;20140826
2,14;2,09;20140827
2,09;2,06;20140828
2,06;2,1;20140829
2,1;2,1;20140901
2,1;2,1;20140902
2,1;2,16;20140903
2,16;2,16;20140904
2,16;2,16;20140905
2,16;2,15;20140908
2,15;2,14;20140909
2,14;2,1;20140910
2,1;2,11;20140911
2,11;2,1;20140912
2,1;2,11;20140915
2,11;2,15;20140916
2,15;2,1;20140917
2,1;2,13;20140918
2,13;2,12;20140919
2,12;2,1;20140922
2,1;2,09;20140923
2,09;2,13;20140924
2,13;2,04;20140925
2,04;2,11;20140926
2,11;2,11;20140929
2,11;2,12;20140930
2,12;2,04;20141001
2,04;2,05;20141002
2,05;2,1;20141003
2,1;2,11;20141006
2,11;2,1;20141007
2,1;2,12;20141008
2,12;2,1;20141009
2,1;2,1;20141010
2,1;2,13;20141013
2,13;2,14;20141014
2,14;2,14;20141015
2,14;2,14;20141016
2,14;2,06;20141017
2,06;2,13;20141020
2,13;2,12;20141021
2,12;2,13;20141022
2,13;2,03;20141023
2,03;2,14;20141024
2,14;2,13;20141027
2,13;2,1;20141028
2,1;2,09;20141029
2,09;2,03;20141030
2,03;2,1;20141031
2,1;2,06;20141103
2,06;1,91;20141104
1,91;2,05;20141105
2,05;2,09;20141106
2,09;2,07;20141107
2,07;2,07;20141110
2,07;2,04;20141112
2,04;2,05;20141113
2,05;2,05;20141114
2,05;2;20141117
2;2,07;20141118
2,07;2,05;20141119
2,05;2;20141120
2;2;20141121
2;2;20141124
2;1,97;20141125
1,97;1,99;20141126
1,99;1,99;20141127
1,99;1,98;20141128
1,98;1,97;20141201
1,97;1,96;20141202
1,96;1,92;20141203
1,92;1,87;20141204
1,87;1,93;20141205
1,93;1,88;20141208
1,88;1,93;20141209
1,93;1,9;20141210
1,9;1,9;20141211
1,9;1,79;20141212
1,79;1,79;20141215
1,79;1,76;20141216
1,76;1,71;20141217
1,71;1,71;20141218
1,71;1,72;20141219
1,72;1,69;20141222
1,69;1,7;20141223
1,7;1,72;20141229
1,72;1,72;20141230
